# BEGINHEADER
# This file contains data from the SALSA 2m radio telescope.
# DATE=2021-02-22T12:47:0024
# GLON and GLAT given in degrees
# GLON=54.830627717628005
# GLAT=0.187696470736609
# DATA in two columns below. Col. 1 is velocity relative to LSR [km/s]. Col. 2 is uncalibrated antenna temperature [K].
# ENDHEADER
296.3658869006774 2.747503858208449
294.30474295007883 1.0147695694462855
292.2435989994801 1.31057845027071
290.1824550488815 5.481867922511901
288.1213110982829 3.2875900798928495
286.0601671476842 -1.6790668224808796
283.9990231970856 2.0682253789728873
281.93787924648694 2.9702694316147817
279.8767352958883 0.08115651531499948
277.81559134528965 6.298694651281669
275.754447394691 0.521364517187124
273.6933034440924 3.1288918276250515
271.63215949349376 -3.9252392948341175
269.57101554289505 -5.082356352508511
267.50987159229646 -0.37444105570403957
265.4487276416978 2.4623433645601973
263.3875836910992 5.374182037408367
261.3264397405005 1.6011534756946297
259.2652957899019 4.963022568942207
257.2041518393033 6.719155995874188
255.1430078887046 3.8836522489441747
253.08186393810595 5.235924869578878
251.02071998750733 -3.125181149378329
248.9595760369087 2.8302126538105523
246.89843208631004 2.4680552102527353
244.8372881357114 4.446426237909903
242.77614418511277 2.2301622829770555
240.71500023451412 0.1874008009179984
238.6538562839155 -0.16733075767338598
236.59271233331683 0.7667954291704541
234.5315683827182 3.9511426895791275
232.47042443211956 -3.238714379380908
230.40928048152094 4.314724053589292
228.3481365309223 1.6372936449380315
226.28699258032364 -0.8697221903875983
224.225848629725 1.741641308567937
222.16470467912637 5.593358838463307
220.10356072852773 0.8625224539777798
218.04241677792908 3.3817564661326225
215.98127282733043 5.165951002079196
213.92012887673178 0.36083441190574145
211.85898492613316 5.461635798079067
209.7978409755345 3.4026139046512194
207.73669702493586 -0.027624738159006745
205.67555307433722 -3.0267077924518753
203.6144091237386 1.5239214265795915
201.55326517313995 0.6568098287475336
199.49212122254133 1.7730507063887513
197.43097727194268 3.6200873719254667
195.36983332134406 -0.3037994403320099
193.3086893707454 3.7236147396923536
191.24754542014676 8.244569805601161
189.18640146954812 4.443669200989271
187.1252575189495 2.88112901818147
185.06411356835085 4.073577079852491
183.00296961775223 9.815005415421728
180.94182566715355 7.267833245100169
178.88068171655493 2.7115241139285655
176.81953776595628 9.490281202581839
174.75839381535764 3.811922104554926
172.69724986475902 0.7843829471977776
170.63610591416034 5.5200853193969595
168.57496196356172 6.867519857281836
166.51381801296307 4.70432972009379
164.45267406236445 4.257457928041795
162.39153011176577 2.8205995050955077
160.33038616116716 4.128755899592431
158.2692422105685 2.950755764376951
156.2080982599699 7.785816996848864
154.14695430937124 5.324668837710311
152.0858103587726 3.973268588168512
150.02466640817394 6.53558199288264
147.96352245757532 7.090524967312715
145.90237850697667 5.028796521019793
143.84123455637805 2.708852955257724
141.78009060577938 3.6685449211768715
139.71894665518076 6.146411206411208
137.6578027045821 4.6592360574991
135.59665875398346 5.1359447099421365
133.5355148033848 9.33752684454556
131.47437085278617 5.585304442028776
129.41322690218755 3.837139984115096
127.35208295158891 7.280921309210601
125.29093900099026 5.121939046530308
123.22979505039163 1.3981627245883355
121.16865109979298 4.643896111623546
119.10750714919435 2.0039661691740713
117.0463631985957 7.181301037100615
114.98521924799705 5.916947613502035
112.92407529739842 8.612877419276252
110.86293134679977 8.198826157879132
108.80178739620114 1.5842841349741947
106.74064344560249 5.748226027777725
104.67949949500385 1.3080139687176808
102.61835554440522 3.553124693935169
100.55721159380657 5.114725216139682
98.49606764320792 3.629483095745343
96.43492369260929 4.049314872124326
94.37377974201064 3.0267153965014457
92.312635791412 3.491895912384447
90.25149184081336 8.086449069545154
88.19034789021472 6.839059029777855
86.12920393961608 5.419270428098309
84.06805998901744 -0.6480214630271224
82.00691603841881 5.289059767955037
79.94577208782015 6.608022433959313
77.88462813722151 10.931517473077696
75.82348418662286 6.449256383264729
73.76234023602423 8.06751352670517
71.70119628542558 7.0693516545133726
69.64005233482695 4.01333936719615
67.57890838422831 11.191808335498449
65.51776443362967 11.479202310005242
63.45662048303103 16.02327535088108
61.39547653243239 18.306062990143634
59.33433258183375 10.326688857889227
57.27318863123511 17.7882661424523
55.21204468063647 24.864653581449442
53.150900730037826 18.026673299991614
51.08975677943918 20.780849242601388
49.028612828840544 25.344726605163846
46.9674688782419 31.14547434320452
44.90632492764327 29.610546192635475
42.84518097704463 39.03338999295624
40.784037026445986 40.5424957032102
38.722893075847345 36.374268006295964
36.661749125248704 40.48223392327164
34.60060517465006 41.20663001734158
32.53946122405142 47.16088965697944
30.47831727345278 39.59920247108383
28.417173322854143 43.34104081209618
26.3560293722555 51.76514275219009
24.294885421656854 46.6176052612518
22.233741471058217 45.11536245998896
20.172597520459576 49.22620138818773
18.111453569860934 51.0699285702059
16.050309619262293 46.097857560033496
13.989165668663652 47.25627795328678
11.928021718065013 51.88455767601624
9.86687776746637 60.2745577236965
7.80573381686773 67.37188927195258
5.74458986626909 58.93292881170728
3.683445915670449 52.41942763540572
1.622301965071808 44.36738742045901
-0.43884198552683285 41.58089286306313
-2.4999859361254737 38.419648697414274
-4.561129886724114 30.08554038685851
-6.622273837322755 29.132188171277758
-8.683417787921396 24.947294814068336
-10.744561738520037 21.611357732286898
-12.805705689118676 12.435251775277063
-14.86684963971732 16.133708806446972
-16.92799359031596 19.722636468005586
-18.989137540914598 12.350064281794399
-21.05028149151324 13.459659022687411
-23.111425442111884 11.088911410006311
-25.17256939271052 9.51082778469798
-27.23371334330916 10.113482695931234
-29.2948572939078 7.992866412217863
-31.356001244506444 10.94817566347758
-33.417145195105086 13.761857084575366
-35.47828914570373 10.654319948330093
-37.53943309630236 15.607424584220093
-39.600577046901 14.658451244427843
-41.66172099749964 15.956730539544997
-43.722864948098284 15.910307914652538
-45.78400889869693 20.47834384468132
-47.84515284929557 24.876291537452282
-49.906296799894214 25.986628765948286
-51.967440750492855 25.025013308793362
-54.028584701091496 23.53034445126704
-56.08972865169014 23.51531027863856
-58.15087260228878 28.360801248627407
-60.21201655288742 27.209250760347558
-62.273160503486054 26.087931866387677
-64.3343044540847 25.151469061419768
-66.39544840468334 19.761920611357045
-68.45659235528197 22.55185911224471
-70.51773630588062 21.2608979295126
-72.57888025647925 22.24239353638851
-74.64002420707791 16.49714332553669
-76.70116815767655 16.478064744195432
-78.7623121082752 20.50853762380197
-80.82345605887383 13.707673654329508
-82.88460000947246 11.335158391331749
-84.94574396007111 17.308160816155436
-87.00688791066975 12.310059476086964
-89.0680318612684 12.975330337732114
-91.12917581186703 11.320809786263474
-93.19031976246568 5.985455068577369
-95.25146371306431 11.468268502550524
-97.31260766366294 7.940594214803305
-99.37375161426158 4.687733187493926
-101.43489556486023 4.017522981629833
-103.49603951545886 11.034425232881773
-105.5571834660575 6.953682405670317
-107.61832741665614 6.560352270153559
-109.67947136725478 4.603250652921711
-111.74061531785343 3.1094116086116292
-113.80175926845207 5.979984327077727
-115.86290321905071 1.5498806599675516
-117.92404716964936 2.020455642223952
-119.98519112024799 2.1881169101845397
-122.04633507084664 2.8327319459418647
-124.10747902144527 5.850207401982174
-126.16862297204392 5.574651420970005
-128.22976692264254 4.3131330824501495
-130.2909108732412 3.788411422970183
-132.35205482383984 4.449763784954609
-134.41319877443848 5.913371030297902
-136.4743427250371 4.512808290862214
-138.53548667563578 4.476791829032167
-140.5966306262344 7.696546883779952
-142.65777457683305 -0.8894409750642219
-144.71891852743167 3.784006690203139
-146.78006247803032 11.372995990712047
-148.84120642862896 3.0632338677536977
-150.9023503792276 3.1197031564010334
-152.96349432982623 7.633470181477274
-155.02463828042488 8.677644643218308
-157.08578223102353 8.270635350175457
-159.14692618162218 4.490240576028569
-161.2080701322208 3.9061241966441504
-163.26921408281945 2.1153938086156723
-165.33035803341807 4.598395521054049
-167.39150198401674 10.85628145789037
-169.45264593461536 1.2643368143050746
-171.513789885214 1.9778274278221213
-173.57493383581266 3.9573824555163593
-175.63607778641128 2.442787036259892
-177.69722173700995 1.5822221717049347
-179.75836568760857 4.899750682016292
-181.81950963820722 6.380309666261658
-183.88065358880584 2.8395219925046553
-185.9417975394045 -1.5901977948114874
-188.00294149000314 3.1522533419509453
-190.0640854406018 3.7368681556598533
-192.1252293912004 2.258559554004875
-194.18637334179905 6.66315525040649
-196.2475172923977 6.189090065173751
-198.30866124299638 7.826352834091516
-200.369805193595 0.10138088870515723
-202.43094914419365 -1.6073467827525183
-204.49209309479227 5.85384607127252
-206.55323704539092 1.2050273904317705
-208.6143809959896 3.06632410912143
-210.6755249465882 2.565341042412381
-212.73666889718686 1.7098650372787334
-214.79781284778548 2.6684767234805373
-216.85895679838413 0.924677204572188
-218.92010074898278 4.418115538277897
-220.98124469958142 5.063654626824878
-223.04238865018004 4.583519798627573
-225.1035326007787 5.912271972320349
-227.1646765513773 0.2608389167084432
-229.225820501976 -4.028602685360028
