# BEGINHEADER
# This file contains data from the SALSA 2m radio telescope.
# DATE=2021-02-22T12:38:0057
# GLON and GLAT given in degrees
# GLON=79.85378040788677
# GLAT=0.07478755189066498
# DATA in two columns below. Col. 1 is velocity relative to LSR [km/s]. Col. 2 is uncalibrated antenna temperature [K].
# ENDHEADER
283.1626907470965 1.9425385831237167
281.10154679649787 4.60059992468243
279.0404028458992 9.662634759236893
276.9792588953006 2.248901264567826
274.918114944702 2.934528552806136
272.8569709941033 -2.906210885431287
270.7958270435047 -1.3701792675283817
268.73468309290604 1.463946782334391
266.6735391423074 -4.6493115948039145
264.61239519170874 0.992865520653067
262.5512512411101 6.303259475528298
260.49010729051145 3.2339720837575934
258.42896333991285 -3.9047514588328975
256.3678193893142 4.414847922145096
254.30667543871553 0.7956046311103006
252.24553148811688 4.041612026779892
250.18438753751826 0.9335047462392003
248.1232435869196 -1.0723907938716934
246.06209963632097 1.8419109901572108
244.00095568572232 6.179331460058876
241.9398117351237 -0.36000536247102516
239.87866778452505 -0.5468734402178111
237.81752383392643 1.9197317214797796
235.75637988332775 4.441838978768095
233.69523593272913 2.175582125176393
231.63409198213049 -5.61663291193458
229.57294803153187 -1.3732400316704696
227.51180408093322 1.204886530315676
225.45066013033457 -1.6153211103715566
223.38951617973592 5.874973019696879
221.3283722291373 0.2708135930313037
219.26722827853865 3.083758291068136
217.20608432793998 4.451044092402258
215.14494037734136 -0.39225159214257926
213.0837964267427 1.7727865263932199
211.0226524761441 4.166697574527073
208.96150852554544 4.832601069481833
206.9003645749468 4.621312640354674
204.83922062434814 3.5414681087954003
202.77807667374952 3.1487113889169946
200.71693272315088 6.879236330691617
198.65578877255226 -0.9287666138444473
196.59464482195358 -2.475799072045206
194.53350087135493 4.020861397216064
192.47235692075628 4.300808085953141
190.41121297015766 4.31631165133586
188.35006901955902 3.8124118438885892
186.2889250689604 4.511917455835795
184.22778111836172 2.946076039716371
182.1666371677631 -0.26585127732829106
180.10549321716445 1.2356442023521188
178.0443492665658 2.693796929809886
175.98320531596715 0.2557970031647245
173.9220613653685 3.979206512954485
171.8609174147699 7.344093810285055
169.79977346417124 1.107823749396053
167.73862951357262 4.859237237611207
165.67748556297394 2.8900346829607546
163.61634161237532 0.7468182348163565
161.55519766177667 2.904042839369959
159.49405371117805 2.6508896072983252
157.4329097605794 1.3712689968445129
155.37176580998076 1.5161012095459607
153.3106218593821 3.6310844134572826
151.2494779087835 2.063649358811025
149.18833395818484 6.181622376888294
147.1271900075862 5.958040853180691
145.06604605698755 0.49714422548795756
143.00490210638893 6.805103368726754
140.94375815579028 7.068134708161867
138.88261420519163 -3.5952344445616395
136.82147025459298 4.699597946684523
134.76032630399433 4.1554295617831
132.6991823533957 5.908054696210576
130.63803840279706 4.482602102144781
128.57689445219842 3.887341790680804
126.5157505015998 5.905760720824348
124.45460655100115 8.358999243440763
122.3934626004025 6.147998943081171
120.33231864980385 4.285102747927267
118.27117469920522 1.2491703418520497
116.21003074860658 4.4069933158014
114.14888679800794 0.5447369598213682
112.0877428474093 4.96522174126487
110.02659889681065 3.9646854804277964
107.96545494621202 3.6032525469568117
105.90431099561337 5.382071550556555
103.84316704501474 2.147876090088293
101.7820230944161 8.214920620605874
99.72087914381746 3.39304511720822
97.65973519321884 4.4233543532983495
95.59859124262019 6.053181505762523
93.53744729202155 4.296270802408505
91.4763033414229 7.828644725496652
89.41515939082427 6.480193291239116
87.35401544022562 1.2700733235038404
85.29287148962699 1.1840726050627879
83.23172753902834 7.9617264982871205
81.1705835884297 5.161662922258483
79.10943963783106 3.4910261783948795
77.04829568723241 3.867072268093499
74.98715173663378 10.91722932611376
72.92600778603513 4.913676918221941
70.8648638354365 3.571401258782742
68.80371988483786 5.428738192511008
66.74257593423921 7.3226558849430985
64.68143198364058 8.136645622026846
62.62028803304194 7.485783088275384
60.5591440824433 4.286256068954284
58.498000131844655 8.120764052453804
56.436856181246014 8.712001994479381
54.375712230647366 2.6975942861467783
52.314568280048725 12.582563268136076
50.253424329450084 2.1396206194521987
48.19228037885145 6.940552287824736
46.13113642825281 11.675486526167264
44.06999247765417 1.4811976477112538
42.00884852705553 7.252760657029433
39.947704576456886 5.089621534074381
37.886560625858245 7.619135088638933
35.8254166752596 7.738434037977928
33.76427272466096 10.160205651235513
31.703128774062325 7.302362095591317
29.64198482346368 8.276995896885756
27.58084087286504 12.678868290124827
25.519696922266398 9.670048120281992
23.458552971667757 16.45779063523158
21.397409021069116 22.70426311230725
19.336265070470475 26.122610815041142
17.275121119871834 39.47964818292585
15.213977169273193 49.72659909452169
13.152833218674552 61.96759928001564
11.091689268075912 67.51930724117341
9.030545317477271 77.6804019851747
6.96940136687863 85.60891423216792
4.908257416279989 86.77082601151281
2.847113465681349 93.10529321584504
0.7859695150827078 87.00684296936583
-1.275174435515933 88.17643473637966
-3.3363183861145735 81.35126629801452
-5.397462336713215 81.15440561797959
-7.458606287311856 76.8319313367485
-9.519750237910495 63.94227035964662
-11.580894188509138 51.8194670470372
-13.642038139107777 50.724065049225004
-15.70318208970642 41.193028566843125
-17.76432604030506 29.864579851457663
-19.825469990903702 34.717181337516465
-21.88661394150234 28.579738820712265
-23.94775789210098 25.27158275265832
-26.00890184269962 29.88429114847346
-28.070045793298263 22.59462356147499
-30.1311897438969 25.48948503054409
-32.19233369449554 29.505140649241003
-34.25347764509418 34.18990665853804
-36.31462159569282 35.016163106890616
-38.37576554629146 32.57220428335899
-40.4369094968901 33.21486798455014
-42.49805344748875 31.00338040122677
-44.55919739808739 28.132406828424948
-46.62034134868603 22.89115633409028
-48.68148529928467 26.120025542288854
-50.74262924988331 21.104006023219306
-52.80377320048195 18.63529265171682
-54.86491715108059 19.776125961956488
-56.92606110167923 18.91094129409143
-58.98720505227787 18.434110494615787
-61.04834900287651 23.093953265999765
-63.109492953475154 23.441420175586
-65.17063690407379 28.002096753072184
-67.23178085467244 27.1512532604557
-69.29292480527107 30.801057320903507
-71.3540687558697 33.35822059139545
-73.41521270646837 30.24083372720139
-75.476356657067 27.583800987737707
-77.53750060766565 29.365488823871317
-79.59864455826428 30.487489054002644
-81.65978850886293 26.94756948558043
-83.72093245946157 25.212064640906306
-85.7820764100602 25.211887307595543
-87.84322036065885 19.886435285956235
-89.90436431125748 22.639879867682346
-91.96550826185613 23.205239871714145
-94.02665221245476 18.386892067523803
-96.0877961630534 17.67451932848339
-98.14894011365205 18.6567262261102
-100.2100840642507 8.729394880228016
-102.27122801484934 8.91690181434095
-104.33237196544798 8.254317953554368
-106.39351591604661 4.963676282086766
-108.45465986664526 8.612934284836832
-110.5158038172439 5.643264191736934
-112.57694776784255 3.0833400907965847
-114.63809171844119 6.194197211080964
-116.69923566903984 10.571091930155053
-118.76037961963847 4.287805852865859
-120.8215235702371 8.64104133883121
-122.88266752083575 4.474387984090418
-124.94381147143439 2.6291060648484557
-127.00495542203304 3.296277941595015
-129.06609937263167 9.906774461467215
-131.12724332323032 4.020319194791522
-133.18838727382894 5.581542290289359
-135.2495312244276 4.578482084629286
-137.31067517502623 6.426101157059852
-139.37181912562488 4.473744391759977
-141.4329630762235 5.856808566511523
-143.49410702682218 5.786363351584587
-145.5552509774208 7.856060211599558
-147.61639492801945 1.8960425642827523
-149.67753887861807 -1.846681360142031
-151.7386828292167 5.652132950237952
-153.79982677981536 6.104605213519076
-155.860970730414 9.165181254044262
-157.92211468101263 7.138527971418492
-159.98325863161128 3.1489435209013252
-162.0444025822099 8.56384444672837
-164.10554653280857 3.639958684926488
-166.1666904834072 4.441789399386716
-168.22783443400584 3.137017817789273
-170.2889783846045 7.990543654882939
-172.3501223352031 5.5245763422593415
-174.4112662858018 6.260406788118837
-176.4724102364004 8.120135546236709
-178.53355418699905 6.855188453400916
-180.59469813759767 4.292125764167906
-182.65584208819635 -3.608274415010492
-184.71698603879497 1.5603010492119491
-186.77812998939362 6.055469836813517
-188.83927393999224 4.476340659654074
-190.9004178905909 2.650587864247945
-192.96156184118954 9.428491576492718
-195.02270579178818 5.1850216056340965
-197.0838497423868 2.5203703902753394
-199.14499369298545 2.0889652681776174
-201.20613764358407 1.5312513615942749
-203.26728159418272 4.554482193901685
-205.32842554478134 3.9183909982403056
-207.38956949538 1.6795525488729046
-209.45071344597866 5.5888749209745185
-211.51185739657728 1.1639335455382702
-213.57300134717593 1.2256632287567262
-215.63414529777455 3.1131505071468495
-217.6952892483732 3.7259113981042047
-219.75643319897185 2.043051746334624
-221.8175771495705 5.8378958481698495
-223.87872110016912 2.709207933043768
-225.93986505076776 5.005229435060891
-228.00100900136638 3.6435149481593228
-230.06215295196506 0.04772964246186331
-232.12329690256368 0.4890439461333086
-234.18444085316233 0.8782454996663145
-236.24558480376095 -2.5398883746862784
-238.30672875435963 3.0826307924862846
-240.36787270495824 5.7935993516258035
-242.4290166555569 4.3400402865370005
