# BEGINHEADER
# This file contains data from the SALSA 2m radio telescope.
# DATE=2021-02-22T12:49:0039
# GLON and GLAT given in degrees
# GLON=44.885669507445286
# GLAT=0.17542557777730972
# DATA in two columns below. Col. 1 is velocity relative to LSR [km/s]. Col. 2 is uncalibrated antenna temperature [K].
# ENDHEADER
300.06890117083265 -0.19185604031988507
298.00775722023405 -0.5290431874486122
295.94661326963535 3.259954798731632
293.88546931903676 2.1663377655949954
291.8243253684381 0.9697554324064117
289.7631814178394 -3.0530871082832727
287.7020374672408 4.604611628283404
285.64089351664217 3.982262787066121
283.5797495660435 2.0806689690506803
281.51860561544487 5.522402263104056
279.4574616648462 7.787521204103634
277.39631771424763 -1.5316993170413447
275.335173763649 -2.3051738380846594
273.2740298130503 3.606318069645637
271.2128858624517 1.7255083442641415
269.15174191185304 5.6711982798673
267.09059796125445 4.332559496407917
265.02945401065574 1.8174809255133364
262.9683100600571 3.228095048368591
260.9071661094585 -1.0145116685773141
258.84602215885985 2.0127939351419903
256.7848782082612 -3.085320639881304
254.72373425766256 -2.040809111948762
252.66259030706394 3.519339068852305
250.6014463564653 5.129193610178036
248.5403024058666 2.712840136234683
246.479158455268 2.352557281941344
244.41801450466934 5.367522754638898
242.35687055407072 2.847996374116867
240.29572660347205 4.535797877718126
238.23458265287343 -3.95894758805191
236.17343870227478 7.257223239049338
234.11229475167616 1.872518514042035
232.0511508010775 4.6930379080164375
229.99000685047886 4.912057390942094
227.92886289988022 3.2075820554523986
225.8677189492816 3.0786863182417092
223.80657499868295 2.6718367172081847
221.74543104808433 2.262001312288456
219.68428709748565 1.4249725923968817
217.62314314688703 2.243388089738677
215.56199919628838 1.517826511546374
213.50085524568976 -1.750626767195283
211.43971129509112 2.3223264999720516
209.37856734449244 1.8821516928920943
207.31742339389382 2.790994014558354
205.25627944329517 5.977991119238881
203.19513549269655 3.845933484487866
201.13399154209787 3.987183635586298
199.07284759149925 2.1215819100782447
197.01170364090063 5.09147110983515
194.95055969030201 4.0292231892586905
192.88941573970334 6.2162308347541
190.82827178910472 5.164397045716445
188.76712783850607 1.7231432918117233
186.70598388790745 0.6719039598117681
184.6448399373088 8.385456433866883
182.58369598671015 4.209972484644177
180.5225520361115 5.163225958928203
178.4614080855129 4.811720856000126
176.40026413491424 1.5149730262264616
174.3391201843156 7.187114655761765
172.27797623371694 0.9711105284999404
170.2168322831183 0.8879664503413184
168.15568833251967 0.3678519685612488
166.09454438192103 5.254798300562581
164.03340043132238 4.0426095339834145
161.97225648072373 1.5244373478640743
159.9111125301251 5.7623128253993245
157.84996857952646 7.239431857288896
155.78882462892784 8.567884960623187
153.72768067832916 4.144433987337906
151.66653672773054 3.6265389048030534
149.6053927771319 8.047694679429151
147.54424882653328 0.4841970169928528
145.4831048759346 0.19520322018967595
143.42196092533598 4.223897684434715
141.36081697473733 3.5893450724879488
139.2996730241387 5.5020247671327756
137.23852907354006 4.0058779375133104
135.17738512294142 4.157635954889806
133.11624117234277 3.173110090859949
131.05509722174412 5.207582430556807
128.9939532711455 10.601097796204654
126.93280932054685 5.511741990303847
124.87166536994822 8.536582195147457
122.81052141934957 0.91801944085797
120.74937746875094 3.458197407187111
118.68823351815229 6.161029372261982
116.62708956755365 1.5602571423446692
114.56594561695502 3.4121383375625616
112.50480166635636 8.580694728851864
110.44365771575772 3.026304642709122
108.38251376515908 5.195920561414468
106.32136981456044 5.394915266832007
104.2602258639618 5.372274264710021
102.19908191336316 5.965758492165167
100.13793796276452 4.970603046617199
98.07679401216586 5.826258647851246
96.01565006156723 5.591002378733655
93.9545061109686 5.96200453981091
91.89336216036995 11.699418980930355
89.83221820977131 5.123497226860919
87.77107425917266 2.993977336021974
85.70993030857403 7.380522755804085
83.64878635797538 6.699723326346715
81.58764240737675 7.209722370529199
79.52649845677811 8.13600540714252
77.46535450617947 17.485166013375874
75.40421055558082 12.913425233685103
73.34306660498217 16.69742646270638
71.28192265438354 26.160122097203544
69.22077870378489 23.61443223149243
67.15963475318625 30.24311835562658
65.09849080258762 31.748459756610593
63.03734685198897 36.505784612134235
60.97620290139033 39.27823998312945
58.915058950791696 37.20284394330271
56.853915000193055 38.205945831710046
54.792771049594414 36.45463258488413
52.73162709899577 35.328462052122184
50.67048314839713 38.619472357786925
48.60933919779849 37.248597906623104
46.54819524719984 36.0828920530999
44.48705129660121 32.70395202402967
42.42590734600257 38.20757247947307
40.364763395403926 41.975393486596595
38.303619444805285 39.28966249512317
36.242475494206644 36.20052561026877
34.181331543608 45.355857672007396
32.12018759300936 47.225807904628844
30.05904364241072 40.93454008944565
27.997899691812083 42.55127564046009
25.936755741213442 47.97027197957398
23.8756117906148 47.746713302264986
21.81446784001616 44.81954242923675
19.75332388941752 40.58469305553225
17.692179938818878 45.29352328548014
15.631035988220237 48.224178827052015
13.569892037621596 50.31872070382555
11.508748087022957 50.10881691036556
9.447604136424316 47.21695871723863
7.386460185825674 51.49702106343921
5.325316235227034 57.17649085235592
3.2641722846283927 49.707596759781715
1.2030283340297523 43.237748790516115
-0.8581156165688887 26.8031525952167
-2.9192595671675297 22.316952198695297
-4.98040351776617 17.35145123318831
-7.041547468364811 12.637976802314887
-9.102691418963452 11.723225275471165
-11.163835369562092 11.669272951516339
-13.224979320160735 4.564100028107655
-15.286123270759374 15.134663566687303
-17.347267221358017 12.215520194740076
-19.408411171956654 10.056147412662185
-21.469555122555295 18.48888634250457
-23.530699073153936 17.497624964327915
-25.59184302375258 12.451069112057041
-27.65298697435122 19.295389323500146
-29.71413092494986 22.87456561044428
-31.7752748755485 21.501443527516397
-33.836418826147145 14.657424362827483
-35.89756277674579 16.316265287132463
-37.95870672734442 26.04888864841371
-40.01985067794306 21.33227306617023
-42.0809946285417 21.17343532723
-44.142138579140344 25.350971155447613
-46.203282529738985 21.177075466472875
-48.264426480337626 17.47276261618203
-50.325570430936274 20.49243101397247
-52.38671438153491 22.173764846278534
-54.44785833213355 26.663900705081645
-56.50900228273219 22.747016314076358
-58.57014623333083 22.18028589682544
-60.63129018392947 20.039255058769204
-62.69243413452811 19.671802970704228
-64.75357808512675 19.196676362490447
-66.8147220357254 17.835245054599522
-68.87586598632403 15.400683349761435
-70.93700993692268 13.838918251662324
-72.99815388752131 11.914007944227643
-75.05929783811995 13.424567509154887
-77.1204417887186 11.521952226080113
-79.18158573931724 5.449524392182922
-81.24272968991589 10.109593231654625
-83.30387364051452 11.546058360750958
-85.36501759111316 7.982154443707778
-87.4261615417118 7.7074818847665885
-89.48730549231044 8.538024313983742
-91.54844944290909 3.022255868622108
-93.60959339350772 1.6548189817089722
-95.67073734410637 0.6957450305023042
-97.731881294705 2.2745932864002354
-99.79302524530364 6.992114187495095
-101.85416919590227 11.424997737295218
-103.91531314650092 6.993676446403658
-105.97645709709955 3.7092828192704674
-108.03760104769819 5.907208447914076
-110.09874499829684 4.422906094578317
-112.15988894889547 5.770377874572111
-114.22103289949412 7.099671252995281
-116.28217685009275 5.770972566876281
-118.34332080069142 3.0972494987349393
-120.40446475129005 3.143326775660483
-122.46560870188868 4.065507474530312
-124.52675265248733 0.506663914950272
-126.58789660308597 5.092788043340322
-128.6490405536846 6.953938726413625
-130.71018450428323 1.0459044300449862
-132.77132845488188 2.728113544760371
-134.8324724054805 7.0882791451254725
-136.89361635607918 4.653959176651067
-138.95476030667783 6.329801890509833
-141.01590425727645 3.0061927701459257
-143.0770482078751 7.09829459362728
-145.13819215847374 3.3529804441317457
-147.1993361090724 6.123425822307353
-149.260480059671 1.7657426440378432
-151.32162401026966 4.635706797939566
-153.38276796086828 3.532594683752642
-155.44391191146696 2.4226622790185086
-157.50505586206557 6.9947332307736545
-159.56619981266422 1.932099572286241
-161.62734376326284 3.922283473338495
-163.6884877138615 4.946291296992447
-165.74963166446014 5.42004465479713
-167.8107756150588 4.230052508595522
-169.8719195656574 -0.5385401222724849
-171.93306351625606 5.79277805393286
-173.9942074668547 4.636077527101173
-176.05535141745335 3.141695253751346
-178.116495368052 3.3752221707941255
-180.17763931865062 2.887525153824559
-182.23878326924927 3.241822731915323
-184.29992721984792 1.7869745933484322
-186.36107117044656 3.578687232675632
-188.42221512104518 8.33923446725853
-190.48335907164383 6.634793827620962
-192.54450302224245 3.86678878004113
-194.60564697284113 5.031772152429534
-196.66679092343975 2.092876695140563
-198.72793487403843 6.355740402844056
-200.78907882463704 4.3723380687968705
-202.8502227752357 3.329335591262933
-204.9113667258343 1.0028475829700143
-206.972510676433 0.8777674493921742
-209.0336546270316 5.0762205359815065
-211.09479857763026 -0.5824116243340399
-213.15594252822888 4.7094472429868075
-215.21708647882755 -0.40973800529849635
-217.2782304294262 4.607352597527099
-219.33937438002482 3.9676975382604045
-221.40051833062347 0.1890356838578025
-223.4616622812221 0.6259608321005299
-225.52280623182077 1.4096648429275664
