# BEGINHEADER
# This file contains data from the SALSA 2m radio telescope.
# DATE=2021-02-22T12:51:0039
# GLON and GLAT given in degrees
# GLON=39.831466576411906
# GLAT=0.18892710793726983
# DATA in two columns below. Col. 1 is velocity relative to LSR [km/s]. Col. 2 is uncalibrated antenna temperature [K].
# ENDHEADER
301.56073419360433 4.224847007095634
299.4995902430057 2.7939375975702316
297.43844629240704 -0.15295561509844963
295.3773023418084 2.9246527586471793
293.3161583912098 -2.4146852123551774
291.25501444061115 1.7123040406806302
289.19387049001244 2.529150332831372
287.13272653941385 2.7855427823001326
285.0715825888152 0.39652855593366054
283.0104386382166 5.364748294877257
280.9492946876179 2.4897312787131565
278.88815073701926 -1.6889104139777418
276.82700678642067 1.0421796644357495
274.765862835822 3.5828139854652847
272.7047188852234 -1.5560997808573438
270.6435749346247 6.564124220998862
268.5824309840261 5.497547568614483
266.5212870334274 1.3524075003037288
264.4601430828288 0.9099581587052437
262.39899913223013 -0.15967461704435015
260.33785518163154 0.6952717076941981
258.2767112310329 1.6447075116446497
256.21556728043424 0.93665972453664
254.1544233298356 -3.1562053305979396
252.09327937923695 7.169483278832206
250.03213542863833 0.14100873522504073
247.97099147803965 3.6560833135873017
245.90984752744103 -0.1451411748670308
243.84870357684238 0.8482900900616916
241.78755962624376 6.191163036017575
239.72641567564511 -0.29305248862014677
237.66527172504647 2.6355643968177795
235.60412777444782 3.5173940763876703
233.5429838238492 1.3513879351406228
231.48183987325055 4.439743310643839
229.4206959226519 1.646654713153489
227.35955197205325 5.03804846513146
225.2984080214546 5.015098704860995
223.23726407085599 5.082210214912802
221.17612012025734 4.589038669056515
219.1149761696587 4.216827058866725
217.05383221906004 3.044419085283507
214.99268826846142 -2.325477725166279
212.93154431786277 0.7698622548425247
210.87040036726415 -3.9964814267140634
208.80925641666548 2.0609586845963066
206.74811246606686 4.291869827271869
204.6869685154682 4.268168399460031
202.6258245648696 4.138052880677065
200.56468061427094 1.939907868997145
198.5035366636723 4.753924306029585
196.44239271307367 3.8039477064387333
194.38124876247505 3.687634525720783
192.32010481187638 5.140941262297328
190.25896086127773 7.910678681201389
188.1978169106791 5.605179425192241
186.13667296008046 3.837046463439296
184.07552900948184 3.7570897727992976
182.01438505888316 3.3224513259999027
179.95324110828454 3.1797462883012884
177.8920971576859 10.060342489852355
175.83095320708728 5.824753594366438
173.76980925648863 8.087475874355517
171.70866530588998 3.904910626149598
169.64752135529133 4.9896419514288555
167.5863774046927 7.1680061957851136
165.52523345409406 5.310367757195539
163.46408950349544 4.792561792739699
161.40294555289677 4.926216467914666
159.34180160229815 1.7157253440965305
157.2806576516995 11.756450030178318
155.21951370110088 10.358425688188285
153.1583697505022 7.334884830380179
151.09722579990355 0.41409353511199326
149.03608184930494 5.382757307328281
146.9749378987063 3.8607255764527073
144.91379394810767 2.097501068123486
142.852649997509 7.550886996744538
140.79150604691037 4.53297022362355
138.73036209631172 6.726958413215518
136.6692181457131 5.320128507044324
134.60807419511445 6.038042177553833
132.5469302445158 5.221611450459151
130.48578629391716 4.9040521802795825
128.42464234331854 4.8484928996141985
126.36349839271988 5.511900043065492
124.30235444212124 4.411613387767227
122.2412104915226 6.565128445169424
120.18006654092396 3.0883095371677567
118.11892259032533 4.659501432866871
116.05777863972668 4.962372285711373
113.99663468912804 6.278264597140156
111.9354907385294 4.357937461633847
109.87434678793076 8.353002534741336
107.81320283733213 4.5816083079221155
105.75205888673348 5.924306298140761
103.69091493613485 6.2077809402198705
101.6297709855362 6.116611415964704
99.56862703493756 7.601841081542057
97.50748308433892 5.556500673929379
95.44633913374025 8.273230367559828
93.38519518314162 8.942195487991889
91.32405123254297 5.637841173280313
89.26290728194434 10.273312039685782
87.2017633313457 10.060262527876986
85.14061938074705 14.016793934871982
83.07947543014842 11.5072674782127
81.01833147954977 17.475565599848235
78.95718752895114 14.895585987051385
76.89604357835249 16.694720693443166
74.83489962775386 22.752756694858217
72.77375567715522 28.078794647981187
70.71261172655657 23.888726665260474
68.65146777595794 28.017928792966995
66.59032382535929 32.626233013779974
64.52917987476066 37.48956502237876
62.46803592416201 32.87539752989885
60.40689197356337 34.40426816619622
58.34574802296473 33.964910284303585
56.284604072366086 30.998755108746654
54.223460121767445 33.497824072296886
52.16231617116881 28.125335499300245
50.10117222057017 36.03628915700325
48.040028269971536 39.20999904860462
45.97888431937289 36.07178456937318
43.91774036877425 37.95165540654196
41.856596418175606 36.1896079844408
39.795452467576965 38.351941976685275
37.734308516978324 43.17920739276446
35.67316456637968 42.58084787362935
33.61202061578105 50.08553873922602
31.550876665182404 49.08911332382914
29.489732714583763 48.38806950580597
27.428588763985122 46.2774011863275
25.36744481338648 49.08820841162569
23.30630086278784 47.76726568631097
21.2451569121892 44.31378490240321
19.184012961590557 46.89296908583709
17.12286901099192 43.54093708523488
15.061725060393277 43.10292566068268
13.000581109794638 45.91881665329342
10.939437159195995 44.78320123804885
8.878293208597356 51.955624982632386
6.8171492579987145 54.29582270539578
4.756005307400073 48.50516028180702
2.694861356801432 50.643469820472305
0.6337174062027916 33.770333353926986
-1.4274265443958492 24.426493988959024
-3.48857049499449 17.199012360725114
-5.54971444559313 16.685935952781083
-7.610858396191771 14.518806390124244
-9.672002346790412 11.775928710841137
-11.733146297389052 15.346768084193924
-13.794290247987695 8.940501185044377
-15.855434198586334 14.791174714093998
-17.916578149184975 10.931238231508171
-19.977722099783616 19.086830574436476
-22.038866050382257 12.507519863311185
-24.100010000980895 16.880477970721483
-26.16115395157954 15.621129213393116
-28.22229790217818 12.968401792802899
-30.283441852776818 14.716776699328296
-32.34458580337546 23.173382666566916
-34.4057297539741 23.340738925329404
-36.46687370457274 18.640794531855242
-38.52801765517138 22.21236726537428
-40.58916160577002 26.12191739694624
-42.650305556368664 25.147305336016665
-44.711449506967305 18.090852700681435
-46.77259345756595 18.48740487466748
-48.83373740816458 16.903723337270385
-50.894881358763236 22.665693732669027
-52.95602530936188 23.014266739817312
-55.01716925996052 20.304814255596
-57.07831321055916 18.868511977728343
-59.13945716115779 20.923750600533634
-61.200601111756434 19.174019743906957
-63.261745062355075 15.849048839442318
-65.32288901295372 15.73085156322717
-67.38403296355236 14.714777225415688
-69.445176914151 16.26738167867095
-71.50632086474964 10.867400084316085
-73.56746481534829 4.93001424961875
-75.62860876594692 9.364063155921956
-77.68975271654557 6.124114235927934
-79.7508966671442 9.631687776466993
-81.81204061774284 9.134194603678347
-83.87318456834149 4.940644681970285
-85.93432851894012 1.6238128269466632
-87.99547246953877 6.011787265648007
-90.0566164201374 12.422189426428085
-92.11776037073605 6.61263972892995
-94.17890432133468 3.546169602488801
-96.24004827193332 5.540734648805506
-98.30119222253198 6.706918553234501
-100.3623361731306 7.630591861568054
-102.42348012372925 5.2745818204711235
-104.48462407432788 4.1018572470368
-106.54576802492653 8.187080881615815
-108.60691197552516 4.482451091127525
-110.66805592612381 2.1261375222752927
-112.72919987672245 4.82203331503619
-114.79034382732108 6.14891706887035
-116.85148777791973 3.6768007067262523
-118.91263172851836 -0.536057348088181
-120.97377567911701 3.0116746984539904
-123.03491962971565 -0.13078522012856322
-125.0960635803143 0.5021544727140773
-127.15720753091293 4.001664444483415
-129.21835148151158 6.419148461954359
-131.27949543211022 6.128820732146287
-133.34063938270884 2.402146288884902
-135.4017833333075 4.291571326990647
-137.46292728390614 6.716655794285163
-139.5240712345048 5.689256459379986
-141.5852151851034 4.270583681325223
-143.64635913570206 3.6766649773434743
-145.70750308630068 2.91369729158198
-147.76864703689935 6.1276517910861825
-149.82979098749797 8.429740177196262
-151.89093493809662 6.056622967408792
-153.95207888869524 7.707204797683827
-156.0132228392939 1.7253944391196232
-158.07436678989257 9.729472279117024
-160.13551074049118 0.7976375212394227
-162.19665469108983 2.387221073712561
-164.25779864168845 4.910309920766096
-166.31894259228713 4.915026751501634
-168.38008654288575 5.7978960999288
-170.4412304934844 3.5754436299856027
-172.50237444408302 1.554695575519487
-174.56351839468167 2.4716846699789343
-176.6246623452803 5.813347666490129
-178.68580629587896 0.8787785925333796
-180.74695024647758 2.3490094467861034
-182.80809419707623 -0.7325859120810707
-184.86923814767485 1.93604190806255
-186.93038209827353 1.3272560751490263
-188.99152604887215 1.8501947940167687
-191.0526699994708 -1.3596963869707988
-193.1138139500694 2.109032333655021
-195.1749579006681 -2.3520959074684886
-197.23610185126674 3.939733834522796
-199.2972458018654 4.839264143082472
-201.35838975246403 2.6558363536826244
-203.41953370306265 8.400281613374682
-205.4806776536613 3.746178203790037
-207.54182160425995 1.8527605732570986
-209.6029655548586 1.788047117013598
-211.66410950545722 3.475565406552988
-213.72525345605587 0.721572712200853
-215.7863974066545 3.8710743034416693
-217.84754135725316 4.7003022605882885
-219.90868530785178 2.8172704600172667
-221.96982925845043 4.406142926279512
-224.03097320904905 3.272536319570063
