# BEGINHEADER
# This file contains data from the SALSA 2m radio telescope.
# DATE=2021-02-22T12:45:0059
# GLON and GLAT given in degrees
# GLON=64.88454031402536
# GLAT=0.10427569371106571
# DATA in two columns below. Col. 1 is velocity relative to LSR [km/s]. Col. 2 is uncalibrated antenna temperature [K].
# ENDHEADER
291.63557885012847 0.9927745942806168
289.5744348995298 4.645493445004047
287.51329094893117 4.980043532372747
285.4521469983325 1.7511193933657607
283.39100304773393 3.770529811115712
281.3298590971353 3.706131041810264
279.2687151465366 2.153469303924932
277.207571195938 -0.31787270286441366
275.14642724533934 1.0603186593408362
273.08528329474075 0.8116682140314025
271.02413934414204 -2.145085672513713
268.9629953935434 0.785448164342788
266.9018514429448 -3.9573674149612614
264.8407074923461 4.894582063048936
262.77956354174745 0.45449645769244107
260.71841959114886 -1.923522022554362
258.6572756405502 -2.037773317753264
256.59613168995156 3.61722101154635
254.5349877393529 -1.8542912305100876
252.4738437887543 -0.8170541879679782
250.41269983815565 -0.016692372049013558
248.351555887557 -2.3228665338793184
246.29041193695835 1.8493624524944077
244.22926798635973 -0.4134780541012953
242.16812403576108 -0.365671233312656
240.10698008516246 3.1493587830138265
238.04583613456379 1.6604832526579212
235.98469218396517 0.09399842221133382
233.92354823336652 0.37259306655059343
231.86240428276787 2.3426706155006123
229.80126033216925 -2.2932475587097114
227.74011638157057 -1.476530984035322
225.67897243097195 -2.4411551674483367
223.6178284803733 -0.5847237904610537
221.55668452977469 5.935912237336884
219.495540579176 3.9183659045509245
217.4343966285774 0.3577852270415156
215.37325267797874 2.1721230436947603
213.31210872738012 6.942516064356794
211.25096477678147 3.5012102927681763
209.18982082618282 2.3577196595915115
207.12867687558418 2.579731574535208
205.06753292498556 4.78748018921759
203.0063889743869 4.884279790500676
200.9452450237883 9.093034572594236
198.8841010731896 2.228487066385167
196.822957122591 4.426171160941674
194.76181317199234 2.819119113552901
192.7006692213937 4.285832240686887
190.63952527079508 6.314978833832923
188.5783813201964 6.996068012490604
186.51723736959778 6.179418537975221
184.45609341899913 8.49169527821458
182.3949494684005 3.777659108751644
180.33380551780184 2.695339054610736
178.27266156720322 3.282834534457348
176.21151761660457 3.5558994298664977
174.15037366600595 5.104143018470049
172.0892297154073 -0.011956021552165621
170.02808576480865 3.4110099795705726
167.96694181421 3.6884830844477845
165.90579786361138 1.8730508602539828
163.84465391301273 3.9043753610107554
161.78350996241412 6.712655961205576
159.72236601181544 8.149464524747724
157.66122206121682 4.630578293780733
155.60007811061817 4.0097524452290365
153.53893416001952 8.278179711018817
151.47779020942087 3.5778308143827524
149.41664625882223 4.264594411753309
147.3555023082236 3.8402124591391678
145.29435835762496 5.549220772928505
143.23321440702634 1.7114304358043897
141.17207045642766 6.687797602642831
139.11092650582904 5.738946794822636
137.0497825552304 4.03770544619248
134.98863860463177 3.351615390339722
132.92749465403313 3.4917882112244176
130.86635070343448 3.799062794317351
128.80520675283583 -1.7307633511935798
126.7440628022372 0.975382469484342
124.68291885163855 3.9351182750134783
122.62177490103991 4.8101689130939125
120.56063095044128 2.933319837196299
118.49948699984263 3.4619450339810593
116.438343049244 1.1955393689835907
114.37719909864535 5.30513365277524
112.31605514804671 5.562937703123139
110.25491119744807 9.428367556090977
108.19376724684943 10.396189239780403
106.1326232962508 8.000049565573578
104.07147934565215 6.783361802006764
102.01033539505352 0.10412985166524646
99.94919144445487 3.082345441377905
97.88804749385625 3.4843508056951413
95.82690354325759 3.025547741111555
93.76575959265895 11.264787210747484
91.7046156420603 1.1611609841979234
89.64347169146167 3.783476771454897
87.58232774086304 4.533539370300554
85.52118379026439 3.313481582686931
83.46003983966575 6.172055955709461
81.3988958890671 9.134772469948096
79.33775193846847 8.236127716099094
77.27660798786982 6.041077762322694
75.21546403727119 3.730420084619563
73.15432008667256 9.647722208352084
71.09317613607391 9.157054818846785
69.03203218547527 6.0586714404660595
66.97088823487663 8.12241269235712
64.90974428427799 5.761715329062383
62.84860033367934 6.8433065386811025
60.7874563830807 9.404740261649913
58.72631243248206 7.908112423856934
56.66516848188342 6.430173291982224
54.60402453128478 5.872469896634054
52.542880580686145 12.137676370662806
50.481736630087504 9.715107597980998
48.42059267948886 5.7818272368050465
46.359448728890214 11.379163040577874
44.29830477829157 5.384952658135845
42.23716082769293 13.031951304038337
40.17601687709429 8.245975708832699
38.11487292649566 15.363321071352559
36.053728975897016 17.952276055286084
33.992585025298375 17.10037697794728
31.93144107469973 25.120832399766268
29.87029712410109 16.218005660039555
27.80915317350245 29.372792801933667
25.74800922290381 30.23102737339288
23.686865272305166 37.35492900573642
21.625721321706525 43.00511672367172
19.564577371107884 48.6424980493848
17.503433420509243 58.3409855632956
15.442289469910603 65.38925600234036
13.381145519311962 63.61015424218675
11.320001568713321 64.75859357093191
9.25885761811468 74.13430711980726
7.19771366751604 66.403946237617
5.136569716917399 66.05108645606346
3.0754257663187587 60.66390405860005
1.0142818157201179 57.20681629012477
-1.0468621348785228 44.625827053924944
-3.108006085477164 38.92111523624851
-5.169150036075805 35.2371989124669
-7.230293986674446 32.95475159723793
-9.291437937273086 25.478593382622986
-11.352581887871727 28.547491677837776
-13.413725838470368 26.07009718708994
-15.47486978906901 23.566226232977996
-17.53601373966765 19.719969088039402
-19.59715769026629 21.67787434791141
-21.65830164086493 20.141338993128336
-23.719445591463572 19.60834807412579
-25.780589542062213 17.12310519630974
-27.84173349266085 13.415470426331483
-29.90287744325949 13.25574246236736
-31.964021393858133 13.475125772933232
-34.025165344456774 11.32062563679303
-36.086309295055415 13.99418079304962
-38.147453245654056 9.822637054960264
-40.2085971962527 4.8989509200664045
-42.26974114685134 15.305850724275727
-44.33088509744997 18.50269684697066
-46.39202904804861 12.878301122835452
-48.453172998647254 19.517322974411993
-50.5143169492459 19.15877234216682
-52.57546089984454 21.68794152861787
-54.636604850443184 24.31593414835908
-56.697748801041826 26.179474735307483
-58.75889275164046 21.981211386409704
-60.8200367022391 30.13081415225682
-62.88118065283774 30.78870346481863
-64.94232460343639 33.15985694553754
-67.00346855403502 32.643317225553446
-69.06461250463367 27.96634764431909
-71.1257564552323 32.85481291801951
-73.18690040583095 30.296068414243884
-75.24804435642959 22.577505780955505
-77.30918830702824 22.56685329875546
-79.37033225762687 14.176612563536494
-81.4314762082255 17.14893755179767
-83.49262015882415 19.43491237888431
-85.55376410942279 6.097654634530158
-87.61490806002143 14.884008132179295
-89.67605201062007 9.472942888173469
-91.7371959612187 8.028139350811843
-93.79833991181735 10.530192174165053
-95.85948386241598 9.899266783532648
-97.92062781301465 11.374851775266379
-99.9817717636133 13.32219327203526
-102.04291571421193 14.196224978049447
-104.10405966481058 6.945088864861182
-106.16520361540921 5.361676884303828
-108.22634756600786 7.696411544590424
-110.2874915166065 7.509848814714236
-112.34863546720514 5.763476311167571
-114.40977941780378 9.85996537264015
-116.47092336840241 2.8624864125687823
-118.53206731900106 7.329078634360603
-120.59321126959969 2.0966909516336827
-122.65435522019834 5.362063828198417
-124.71549917079697 6.1452024348860155
-126.77664312139561 6.652875417034134
-128.83778707199426 1.2704182868061877
-130.8989310225929 4.110009355679432
-132.96007497319155 2.979410856660643
-135.02121892379017 6.256721962317286
-137.08236287438882 11.149397271993553
-139.14350682498747 7.859526227165781
-141.20465077558612 2.5305262973988145
-143.26579472618474 4.2270173280769505
-145.32693867678339 3.961096702829483
-147.388082627382 6.711419198424883
-149.44922657798068 5.273741386418953
-151.5103705285793 4.474052598994517
-153.57151447917795 3.786490096496083
-155.6326584297766 3.13371689076174
-157.69380238037522 1.9259833380048175
-159.7549463309739 3.7317034782937983
-161.8160902815725 4.7774106126291
-163.87723423217116 6.691433208084146
-165.93837818276978 4.363928761918528
-167.99952213336843 4.423488271266051
-170.06066608396708 5.712781786906375
-172.12181003456573 6.316136911770269
-174.18295398516435 1.3365089344471985
-176.244097935763 -0.03306880615095282
-178.30524188636164 4.526027030713281
-180.3663858369603 4.422116847279557
-182.4275297875589 4.1998098258854935
-184.48867373815756 6.121214553231078
-186.54981768875618 4.734384029307174
-188.61096163935485 3.9432005073755603
-190.67210558995347 4.827760953784926
-192.73324954055212 9.699503640820739
-194.79439349115077 4.0427325683963495
-196.8555374417494 0.8276487573929607
-198.91668139234807 -3.658479750888249
-200.9778253429467 4.5796941660938035
-203.03896929354534 5.081315825971271
-205.10011324414396 1.1760790371105267
-207.16125719474263 4.6834796104948015
-209.22240114534125 1.5114364750479314
-211.2835450959399 2.7036031469719046
-213.34468904653852 3.7192814889307138
-215.40583299713717 1.3927268417426204
-217.46697694773582 4.366280098629983
-219.52812089833446 5.721974167962261
-221.58926484893308 8.10110837474238
-223.65040879953173 5.116053737377506
-225.71155275013035 1.9791753471067361
-227.77269670072903 6.690538665809634
-229.83384065132765 4.458652946760993
-231.8949846019263 -1.222419471253248
-233.95612855252494 4.576240062549117
