# BEGINHEADER
# This file contains data from the SALSA 2m radio telescope.
# DATE=2021-02-22T12:42:0004
# GLON and GLAT given in degrees
# GLON=74.82908097519712
# GLAT=0.10201115558357265
# DATA in two columns below. Col. 1 is velocity relative to LSR [km/s]. Col. 2 is uncalibrated antenna temperature [K].
# ENDHEADER
286.18036562480034 -4.719254751461023
284.1192216742017 -2.111678749368278
282.05807772360305 0.3977924048334239
279.99693377300446 -1.0428627715982783
277.9357898224058 2.022916270011911
275.8746458718071 -3.763122785094028
273.8135019212085 1.3999866715263136
271.75235797060986 -3.111864143456433
269.6912140200113 -0.852187829014643
267.63007006941257 1.9499418716577817
265.5689261188139 -3.2206707954574667
263.50778216821533 -5.549048436626361
261.4466382176167 -9.544955143408503
259.38549426701803 3.007423229940336
257.3243503164194 -1.2287124299099241
255.26320636582076 1.826496309068162
253.2020624152221 1.5054247707775534
251.14091846462347 -2.8287325597928663
249.07977451402482 2.9477202509324765
247.0186305634262 -0.8369589013739004
244.95748661282755 -2.6677665804619823
242.89634266222888 2.1553304757055223
240.83519871163026 -0.085010407263436
238.7740547610316 -3.646606117169998
236.712910810433 2.3728201814100873
234.65176685983434 -1.7162812575790851
232.5906229092357 4.761472083453873
230.52947895863704 1.7280285573770509
228.46833500803842 -1.4157790953320655
226.40719105743977 0.857413762605673
224.34604710684113 7.284040494221572
222.28490315624248 3.1089199108200094
220.22375920564386 2.3981136721360916
218.1626152550452 4.393928406101571
216.1014713044466 4.271309043727771
214.0403273538479 0.6904751395715556
211.9791834032493 1.3992500704610882
209.91803945265065 5.332554878869243
207.85689550205203 0.14839076148986333
205.79575155145338 0.7591825049154761
203.7346076008547 4.76542930700857
201.67346365025608 1.0513291650079755
199.61231969965743 2.6282353387359656
197.5511757490588 2.8785099636038756
195.49003179846017 -4.481778143899721
193.42888784786155 3.350084174135252
191.3677438972629 1.8348440812738365
189.30659994666428 1.717458498960694
187.2454559960656 2.111128676715314
185.18431204546698 3.695040296503633
183.12316809486833 0.8890308069687785
181.0620241442697 1.9144621935820143
179.00088019367107 3.2027792344730193
176.93973624307242 5.592869769496728
174.87859229247377 0.6947928926569028
172.81744834187515 5.380441830919892
170.7563043912765 3.5006197277680196
168.69516044067782 0.7640957204411055
166.6340164900792 5.103846245176524
164.57287253948056 5.221393681922442
162.51172858888194 2.8023489991526405
160.4505846382833 5.579654094446566
158.38944068768464 6.0122069258173925
156.328296737086 2.177559620706866
154.26715278648737 3.604241241536644
152.20600883588872 -2.3181641969960287
150.1448648852901 6.657059691761936
148.08372093469143 6.573094056058531
146.0225769840928 3.1997131130297567
143.96143303349416 5.63906456154629
141.90028908289554 6.3150412242032505
139.83914513229686 5.7429136612709195
137.77800118169824 6.229368112489297
135.7168572310996 6.1586595889954525
133.65571328050098 3.2045991756208636
131.59456932990233 2.6836246116405214
129.53342537930368 1.2237980681737122
127.47228142870503 9.252515707957157
125.4111374781064 3.481250794510711
123.34999352750776 3.804312056226448
121.28884957690912 4.704966891177069
119.22770562631048 4.280054418006593
117.16656167571183 6.839720207729139
115.1054177251132 4.099189668588643
113.04427377451455 8.97887720297795
110.98312982391592 5.189439424806617
108.92198587331727 4.366554314704757
106.86084192271862 3.637016120407072
104.79969797211999 1.9038382564828293
102.73855402152134 3.9598970814523757
100.6774100709227 3.789149505911391
98.61626612032406 5.698916317097923
96.55512216972541 4.120022633210065
94.49397821912677 8.430171745693778
92.43283426852813 3.0833291495504724
90.37169031792949 5.811620935652468
88.31054636733086 6.2463352803949235
86.24940241673221 5.562906445515439
84.18825846613358 5.5307680867299895
82.12711451553493 4.480772860429427
80.0659705649363 2.3517252506496074
78.00482661433765 5.564582978870419
75.94368266373901 4.363966673888651
73.88253871314038 5.155956384444347
71.82139476254171 9.328174390213709
69.76025081194308 6.400064285381506
67.69910686134443 7.534206039966123
65.6379629107458 6.783447623530033
63.576818960147165 2.79053646731323
61.51567500954852 4.792288762506758
59.454531058949875 7.263665028027785
57.393387108351234 9.298406743306161
55.3322431577526 7.808154925692657
53.27109920715396 6.207991957614696
51.20995525655532 9.812427468773008
49.14881130595668 10.08960874455682
47.087667355358036 10.412316278006534
45.026523404759395 5.538836488428411
42.965379454160754 7.209981455162991
40.90423550356211 5.442570434808176
38.84309155296347 1.9486308119039404
36.78194760236483 9.576300548798985
34.72080365176619 11.495282750370365
32.65965970116755 4.600640049446572
30.59851575056891 7.333868359842301
28.53737179997027 10.882584200083041
26.476227849371625 14.592967687577074
24.415083898772988 14.598435349824157
22.353939948174347 20.349470085172964
20.292795997575706 26.36275610969023
18.231652046977064 26.189265900174902
16.170508096378423 38.395753910890804
14.109364145779782 52.21362117035465
12.048220195181143 63.61201440268877
9.9870762445825 70.58306508551641
7.925932293983861 81.4737348740128
5.86478834338522 80.13512998410685
3.803644392786579 84.19988868667043
1.742500442187938 79.85865313714905
-0.31864350841070255 79.69563236521523
-2.3797874590093433 78.06548144043201
-4.440931409607984 64.44961249848434
-6.502075360206625 55.38473870397535
-8.563219310805266 56.19519933170277
-10.624363261403907 45.93092002632102
-12.685507212002546 41.80702398522975
-14.746651162601188 35.6516546016963
-16.807795113199827 31.24725511472034
-18.868939063798468 37.338945840335484
-20.930083014397113 28.30704611137668
-22.991226964995754 28.11317155744552
-25.05237091559439 31.221710429213147
-27.113514866193032 29.752367907515644
-29.174658816791673 33.325545257256564
-31.235802767390314 25.27168261793707
-33.29694671798895 27.130184602586766
-35.3580906685876 24.747182842696056
-37.41923461918624 20.209298206725947
-39.48037856978488 21.92398915238333
-41.541522520383516 25.199872957487663
-43.60266647098216 21.653375707849857
-45.6638104215808 16.03672711731213
-47.72495437217944 17.329891956349655
-49.78609832277808 18.68017429554132
-51.84724227337672 22.515212746831043
-53.90838622397537 20.795589564320892
-55.969530174574004 27.28638791253296
-58.030674125172645 25.154477762358702
-60.091818075771286 33.56926032497628
-62.15296202636993 31.687337623113923
-64.21410597696857 29.915173895542516
-66.2752499275672 32.01726001752576
-68.33639387816585 33.64718580509856
-70.39753782876448 37.048443333771054
-72.45868177936313 39.01393303338232
-74.51982572996177 38.88346220502877
-76.5809696805604 31.073981207288103
-78.64211363115905 32.1642084339151
-80.70325758175768 33.06739577258411
-82.76440153235633 31.064269237181794
-84.82554548295498 28.367893586847302
-86.88668943355363 18.400680172902042
-88.94783338415226 13.029242666430656
-91.0089773347509 14.24517093208995
-93.07012128534954 10.867424555781636
-95.13126523594818 10.983635111419215
-97.19240918654683 10.120196074862244
-99.25355313714545 10.638620824685399
-101.3146970877441 12.034362259453907
-103.37584103834273 11.573488221312157
-105.43698498894138 8.259150989381162
-107.49812893954001 7.063682248646602
-109.55927289013864 12.249571177270754
-111.62041684073729 1.124265449842129
-113.68156079133593 4.425016140285154
-115.74270474193457 3.3671284539840074
-117.80384869253321 8.63332225748565
-119.86499264313186 7.712540047393663
-121.92613659373049 9.135029452994765
-123.98728054432914 8.14689546507948
-126.04842449492779 7.517796164230257
-128.1095684455264 7.9765380261228565
-130.17071239612505 3.3495376688252843
-132.2318563467237 0.28337656656342114
-134.29300029732235 5.441995821603745
-136.35414424792097 8.551249883259121
-138.41528819851962 2.948066555246026
-140.47643214911824 3.004147038666833
-142.53757609971692 5.073019729047474
-144.59872005031556 9.70738406885839
-146.65986400091418 3.4211689914224004
-148.72100795151283 1.9501636134663314
-150.78215190211148 1.1621329722372427
-152.84329585271013 2.9554003790021874
-154.90443980330875 3.7297940022532545
-156.9655837539074 -0.5914154529769684
-159.02672770450602 1.7486813024878418
-161.0878716551047 5.655698332087828
-163.1490156057033 3.2105567185009356
-165.21015955630196 5.328458090637955
-167.27130350690058 1.3164528371983673
-169.33244745749923 5.965029783293591
-171.39359140809788 6.2000739477468905
-173.45473535869652 5.628514834933539
-175.51587930929514 3.0070048097861624
-177.5770232598938 4.523582801008854
-179.6381672104924 8.828979148480153
-181.6993111610911 5.727801211635247
-183.76045511168974 5.880653393779324
-185.82159906228836 7.596546614471587
-187.882743012887 5.022117841803076
-189.94388696348565 8.403698173733599
-192.0050309140843 6.844998995783953
-194.06617486468292 2.183543910057987
-196.12731881528157 4.629890164987865
-198.18846276588022 7.410385236261855
-200.24960671647887 8.077000442556123
-202.3107506670775 4.443956464572297
-204.37189461767616 2.856106348721411
-206.43303856827478 -0.36283565685245295
-208.49418251887343 7.4802145778009255
-210.55532646947205 0.23780392703282188
-212.61647042007073 2.2623262438254943
-214.67761437066935 3.6134813412361337
-216.738758321268 3.7506629023059084
-218.79990227186664 -1.3090643075055644
-220.86104622246526 6.760230866141516
-222.92219017306394 2.6415126304360834
-224.98333412366256 0.5311530433200594
-227.0444780742612 1.863926165876992
-229.10562202485983 -2.0069591001737273
-231.1667659754585 0.8518352509472557
-233.22790992605712 6.737174917882331
-235.28905387665577 3.887995426145077
-237.3501978272544 2.6050183271783367
-239.41134177785304 -1.4580681895542855
