# BEGINHEADER
# This file contains data from the SALSA 2m radio telescope.
# DATE=2021-02-22T12:52:0052
# GLON and GLAT given in degrees
# GLON=34.87900154849218
# GLAT=0.25120657319321166
# DATA in two columns below. Col. 1 is velocity relative to LSR [km/s]. Col. 2 is uncalibrated antenna temperature [K].
# ENDHEADER
302.76397134858894 -0.0830303732984963
300.7028273979903 1.1869330005408587
298.6416834473917 5.641574813475496
296.580539496793 3.557495223160335
294.51939554619435 6.455214028476459
292.45825159559575 2.2615866609524615
290.39710764499705 -0.09022154037654781
288.33596369439846 2.4813535888429117
286.2748197437998 2.4589695962644003
284.21367579320116 5.194582106720967
282.1525318426025 7.803763936782855
280.09138789200387 2.0471315397371663
278.0302439414053 3.594353856083587
275.9690999908066 1.9720963656596886
273.9079560402079 0.6111021557553861
271.84681208960933 2.526536294367157
269.7856681390107 1.955833598665077
267.72452418841203 3.034390638938436
265.6633802378134 4.9343159475978915
263.60223628721474 4.564687246011477
261.5410923366161 5.386769919162506
259.4799483860175 0.5617864852989334
257.41880443541885 -2.929637899498894
255.3576604848202 5.138048115712588
253.29651653422152 6.099311368143277
251.2353725836229 2.927860812657461
249.17422863302426 2.996483407502566
247.11308468242564 -1.147530854502756
245.051940731827 0.9951594434058926
242.99079678122834 6.132576382021614
240.9296528306297 3.9457352872735783
238.86850888003107 7.027662819266726
236.80736492943242 0.7425131932934097
234.7462209788338 5.6615625612778855
232.68507702823513 4.21073299673999
230.6239330776365 6.344338213925121
228.56278912703786 6.57840197965872
226.50164517643924 6.902225615480643
224.4405012258406 8.032975845805893
222.37935727524194 5.471041475581425
220.3182133246433 4.210098417020181
218.25706937404468 5.008130328582534
216.19592542344603 0.6182348400427709
214.13478147284735 1.8064358802008134
212.07363752224873 4.256254371699893
210.01249357165008 6.408935522149697
207.95134962105146 3.7039996257938603
205.89020567045281 2.4746445381438833
203.82906171985417 9.11779162930684
201.76791776925552 7.735105908727892
199.7067738186569 -0.5155869614584924
197.64562986805825 6.3936958178065995
195.58448591745963 7.807271446061669
193.52334196686095 4.380019361034429
191.46219801626233 3.5969303162764663
189.4010540656637 4.0089123122239325
187.33991011506507 6.202882143169489
185.2787661644664 1.145934781318648
183.21762221386777 7.059516806069882
181.15647826326912 3.8769917134721075
179.0953343126705 4.28025277499162
177.03419036207185 7.682887941489711
174.97304641147318 5.103947622678452
172.91190246087456 5.651121543871256
170.8507585102759 3.142159170845345
168.7896145596773 6.799933367129641
166.72847060907864 6.89007540119597
164.66732665848 1.3385056733711014
162.60618270788135 3.2570999995828713
160.54503875728273 4.269162180698205
158.48389480668408 -0.3573075771132704
156.42275085608543 6.777249362076775
154.36160690548678 4.512593161646156
152.30046295488816 7.980709595118161
150.2393190042895 7.557628155370677
148.1781750536909 6.411085190120079
146.11703110309222 6.698604654910468
144.0558871524936 4.191286550745586
141.99474320189495 3.960636918326249
139.93359925129633 6.15534013209823
137.87245530069768 2.7554795996693
135.811311350099 6.646855375498388
133.75016739950038 5.623559664340386
131.68902344890174 3.791029076426431
129.6278794983031 4.772368215179308
127.56673554770447 1.857759661847118
125.50559159710583 4.777239765489535
123.44444764650719 5.111272935004652
121.38330369590855 7.2093949006343285
119.3221597453099 6.160770577628362
117.26101579471127 3.812730275092942
115.19987184411261 5.536204417000588
113.13872789351397 5.000314081115563
111.07758394291534 2.7039565935864744
109.01643999231669 5.420505544294194
106.95529604171806 8.321225841379595
104.89415209111941 9.953626067874218
102.83300814052077 7.833592053258893
100.77186418992214 7.582641797228475
98.71072023932349 10.14542783093792
96.64957628872486 9.359869285585571
94.58843233812621 12.22533802719475
92.52728838752758 14.166470020790417
90.46614443692893 13.023115126327667
88.4050004863303 16.48794042667936
86.34385653573166 23.88154869072096
84.28271258513301 20.24104048027732
82.22156863453438 14.684296760853435
80.16042468393573 19.502007172720372
78.09928073333708 22.589580441346556
76.03813678273843 19.175644163985304
73.9769928321398 24.800543759612935
71.91584888154117 24.00295142916492
69.85470493094252 23.994559414954573
67.79356098034388 24.859214828664523
65.73241702974524 21.072619450248624
63.6712730791466 20.08033947431506
61.61012912854796 25.266896713206645
59.54898517794932 30.187403124443566
57.48784122735068 23.98753489506012
55.42669727675204 23.278942928464062
53.365553326153396 29.706482980932027
51.30440937555476 31.577461661128527
49.24326542495612 35.31153390109363
47.18212147435748 28.278198145626085
45.12097752375884 30.55589032385536
43.0598335731602 34.24899059596099
40.99868962256156 37.127261791748474
38.937545671962916 38.69848922067174
36.876401721364275 39.40330962870733
34.81525777076564 42.88417578286883
32.75411382016699 45.752871326851896
30.692969869568355 40.51723447277063
28.631825918969714 44.9327582527725
26.570681968371073 42.797482256094085
24.50953801777243 45.25496773838586
22.44839406717379 41.03730171651239
20.38725011657515 40.70163005405053
18.32610616597651 39.958790453290774
16.26496221537787 41.04926980051648
14.203818264779228 47.06819687867544
12.142674314180585 50.77031359087011
10.081530363581946 45.18302929977149
8.020386412983305 43.037054625127816
5.959242462384664 49.78090628397647
3.8980985117860234 46.32077225058062
1.836954561187382 40.92708340182919
-0.22418938941125868 29.53762900352062
-2.2853333400098994 18.947890533357143
-4.34647729060854 14.391556902096418
-6.407621241207181 15.268647350878753
-8.468765191805822 14.819924207155854
-10.529909142404462 13.168765703101215
-12.591053093003103 11.463089556952024
-14.652197043601744 11.228623096636902
-16.713340994200383 12.727894322737175
-18.774484944799024 10.971953765407486
-20.835628895397665 12.445497398501473
-22.896772845996306 11.947664804876426
-24.957916796594947 14.914393778353924
-27.01906074719359 14.487937986532222
-29.08020469779223 12.310886529520326
-31.141348648390867 19.48219420700962
-33.202492598989515 20.10102784057237
-35.26363654958815 18.16340717885437
-37.32478050018679 23.965163453850984
-39.38592445078543 17.78726697462534
-41.44706840138407 14.475043988823572
-43.50821235198271 19.699695586911805
-45.569356302581355 15.481485940548575
-47.630500253179996 20.341710722148687
-49.691644203778644 16.736738950474706
-51.752788154377285 22.353939236764475
-53.813932104975926 20.41675810855565
-55.87507605557457 18.61839901802584
-57.93622000617321 19.574637579618393
-59.99736395677184 15.453352869916259
-62.05850790737048 15.688282488223939
-64.11965185796913 9.75074710501252
-66.18079580856777 14.10735069353289
-68.2419397591664 7.414273048322031
-70.30308370976505 10.818930969318586
-72.36422766036368 7.167370037309475
-74.42537161096233 6.737194934617121
-76.48651556156096 3.8549462742902554
-78.54765951215963 5.580546209741234
-80.60880346275826 9.539981956633667
-82.6699474133569 6.322699137424848
-84.73109136395554 9.006271516226283
-86.79223531455418 5.999107728748565
-88.85337926515282 6.443733278118372
-90.91452321575146 4.609261643009374
-92.97566716635009 4.162045415298306
-95.03681111694874 7.307417032468304
-97.09795506754737 4.589283703111454
-99.15909901814602 10.784224398225481
-101.22024296874466 8.45815799907574
-103.2813869193433 2.0611451611063383
-105.34253086994194 7.817336182970841
-107.40367482054057 5.918765635082274
-109.46481877113922 4.625540633297929
-111.52596272173786 6.713522617430276
-113.5871066723365 4.277121464493563
-115.64825062293515 6.5609287706825805
-117.7093945735338 3.232831271668894
-119.77053852413243 5.377680284604203
-121.83168247473107 1.7520815722648935
-123.89282642532972 3.9678687218286464
-125.95397037592835 7.276593869558177
-128.015114326527 2.554981293586712
-130.07625827712562 8.260680437998452
-132.13740222772427 5.17004350677644
-134.19854617832289 6.882567075264661
-136.25969012892156 5.8166985984910635
-138.3208340795202 7.611422681464684
-140.38197803011883 4.294557775160313
-142.44312198071748 7.335766482235191
-144.50426593131613 5.246465183808325
-146.56540988191477 5.807770565547005
-148.6265538325134 8.054032524572383
-150.68769778311204 3.680956537759449
-152.74884173371066 2.661364614440732
-154.80998568430934 6.962295711261744
-156.87112963490796 3.08148139076003
-158.9322735855066 5.974726711832264
-160.99341753610523 -0.4025420688179315
-163.05456148670388 2.080192634045425
-165.11570543730252 7.558438184230147
-167.17684938790117 1.345832824432645
-169.2379933384998 1.1090389150657645
-171.29913728909844 6.540848015346258
-173.36028123969712 7.7736422345437335
-175.42142519029574 3.8516627003083292
-177.48256914089438 0.12343168471537246
-179.543713091493 5.50056361762114
-181.60485704209165 8.21687162954386
-183.6660009926903 4.451197982044973
-185.72714494328895 7.5126225186601125
-187.78828889388757 6.412585298506657
-189.84943284448622 7.593185768192981
-191.91057679508484 3.1294968512220995
-193.9717207456835 4.428155509179875
-196.03286469628213 6.6543086673366325
-198.09400864688078 6.994939840001611
-200.1551525974794 7.257010199486648
-202.21629654807808 4.6318046403368
-204.2774404986767 1.7790444250641886
-206.33858444927534 0.7092296880732559
-208.39972839987396 4.522782238025055
-210.4608723504726 3.190816006531351
-212.5220163010713 3.447626310422407
-214.5831602516699 6.678051487582835
-216.64430420226856 5.170109232261311
-218.70544815286718 4.684979879553781
-220.76659210346583 6.004368854697672
-222.82773605406447 5.884080156521656
