# BEGINHEADER
# This file contains data from the SALSA 2m radio telescope.
# DATE=2021-02-22T12:37:0022
# GLON and GLAT given in degrees
# GLON=84.89284048466622
# GLAT=0.0497843208387365
# DATA in two columns below. Col. 1 is velocity relative to LSR [km/s]. Col. 2 is uncalibrated antenna temperature [K].
# ENDHEADER
279.9978538502529 3.880240808761148
277.9367098996543 3.3632223945567956
275.87556594905567 -4.908061589892005
273.8144219984571 0.4325761376851466
271.7532780478584 3.4623470922126414
269.6921340972597 2.708650715042899
267.63099014666113 3.3211503236960755
265.5698461960625 3.769882629484985
263.50870224546384 3.123821016145015
261.4475582948652 1.2952249107480576
259.38641434426654 -1.2137124983597178
257.3252703936679 -0.27060251131168117
255.26412644306927 -0.8012503892075984
253.20298249247062 2.5855804046198587
251.14183854187198 -0.14205716686045552
249.08069459127336 2.5133183268460986
247.01955064067468 4.848245664336194
244.95840669007606 1.2332142571763114
242.8972627394774 5.16404675172544
240.8361187888788 6.571972900510043
238.77497483828014 2.072021906738978
236.7138308876815 3.092248640956401
234.65268693708285 -4.135895973499281
232.59154298648423 -2.4021393452008057
230.53039903588558 -1.471872434489726
228.46925508528693 9.44029409776217
226.40811113468828 3.6533314766491616
224.34696718408966 0.9751364940188619
222.28582323349102 1.4979043179214877
220.2246792828924 5.902253850885195
218.16353533229372 5.863099013393731
216.1023913816951 3.7725690855970044
214.04124743109645 1.9144616722629986
211.9801034804978 5.604860866566372
209.91895952989918 4.84338487180915
207.8578155793005 4.101330596786808
205.7966716287019 1.7478869059959259
203.73552767810324 4.3086818761740036
201.67438372750462 2.16583890913179
199.61323977690597 0.5243405176704834
197.55209582630732 7.591185548840776
195.49095187570867 1.8441240686054692
193.42980792511005 5.263484904835658
191.3686639745114 7.832184908544952
189.30752002391276 4.759114979324167
187.2463760733141 2.6210845403809033
185.1852321227155 4.146818108117477
183.12408817211684 0.5684437350193817
181.06294422151822 4.183058947792498
179.00180027091955 5.345168001559223
176.9406563203209 6.63415228539194
174.87951236972228 5.129670830824598
172.81836841912363 1.5278756443799484
170.757224468525 4.411996879328079
168.69608051792633 4.293150848532925
166.6349365673277 -0.20369115613118716
164.57379261672907 0.16051570539161933
162.51264866613045 4.002445507891494
160.45150471553177 8.99808881565865
158.39036076493315 3.463139442885025
156.3292168143345 3.9480420739227537
154.26807286373588 5.806535422628017
152.20692891313723 7.530628360072437
150.14578496253858 8.971145079821047
148.08464101193994 4.261580558297495
146.02349706134132 5.54426597195467
143.96235311074267 0.6819870186787157
141.90120916014405 3.8956571823897215
139.84006520954537 6.000051484219275
137.77892125894672 4.11232075461765
135.7177773083481 8.301097290364103
133.65663335774946 3.567811338451546
131.5954894071508 1.9428821535440521
129.5343454565522 4.69371583298163
127.47320150595354 4.927029642456762
125.4120575553549 -0.1023538579847978
123.35091360475626 -0.13461645105729186
121.28976965415762 2.6161349040877138
119.22862570355898 7.163263752743834
117.16748175296033 3.378893994965347
115.1063378023617 5.8236657959117215
113.04519385176305 4.681027070115824
110.98404990116441 2.2927723754657117
108.92290595056576 3.5778761994556834
106.86176199996713 6.736149984982003
104.80061804936848 8.031547670280087
102.73947409876985 7.82177260119581
100.67833014817121 5.938634096919979
98.61718619757256 7.183538079919484
96.55604224697393 9.364503304605647
94.49489829637528 7.223460658744114
92.43375434577665 7.360047145760634
90.372610395178 2.3430509005601525
88.31146644457937 6.760803955577437
86.25032249398073 9.70311979958587
84.18917854338208 5.4603446855616005
82.12803459278345 0.5216029256916919
80.06689064218479 4.5794017359776245
78.00574669158615 11.981627575032773
75.9446027409875 4.568413272214099
73.88345879038887 6.677263022123565
71.82231483979024 6.028424985049268
69.76117088919159 8.44493085821842
67.70002693859296 5.23809097031522
65.63888298799431 7.061518325513008
63.57773903739567 4.1108304604090815
61.51659508679703 1.2629150332716692
59.45545113619839 10.504709046164194
57.39430718559975 8.28575122555053
55.33316323500111 8.41286479925648
53.272019284402475 7.957648679453299
51.210875333803834 3.535426310054906
49.14973138320519 5.070372643663694
47.08858743260655 8.357844562908904
45.02744348200791 8.26472753082977
42.96629953140927 9.728754130438409
40.90515558081063 11.907860222631372
38.84401163021199 9.08934009349582
36.782867679613354 7.515766123605558
34.72172372901471 7.236136661621261
32.66057977841607 9.502986910621726
30.599435827817427 9.271985424768932
28.538291877218786 11.131573837946894
26.477147926620148 12.094602691212867
24.416003976021504 4.138075599917745
22.354860025422862 16.202215686269337
20.293716074824225 13.178105298499108
18.232572124225584 16.994717459100336
16.17142817362694 23.764507115528716
14.1102842230283 25.80929552683343
12.049140272429659 38.480720708828336
9.987996321831018 50.22453059267593
7.926852371232377 56.246838068587834
5.865708420633736 69.0448205713784
3.804564470035096 63.1083746716399
1.7434205194364552 71.5175970559065
-0.3177234311621858 72.35277904571501
-2.3788673817608266 71.67219384262602
-4.440011332359467 68.67927193383781
-6.501155282958109 70.04152470797239
-8.562299233556748 71.98645026728836
-10.623443184155391 69.12275731659521
-12.684587134754029 62.23399308969114
-14.745731085352672 48.008652420490534
-16.80687503595131 42.88194081939789
-18.868018986549952 43.059636849766356
-20.92916293714859 37.01680262945959
-22.990306887747234 26.305481162641644
-25.051450838345875 22.351742615031306
-27.112594788944516 25.416105180173684
-29.173738739543154 25.253160435261528
-31.234882690141795 22.66825549937955
-33.296026640740436 29.240905357514528
-35.35717059133908 32.68728539791853
-37.41831454193772 35.841059677799116
-39.47945849253636 32.669960559983096
-41.540602443135 38.38532054391378
-43.60174639373364 42.20438928996107
-45.662890344332276 33.987141592599855
-47.724034294930924 33.99185612178036
-49.78517824552957 34.20802062205975
-51.84632219612821 30.60010265825659
-53.907466146726854 29.474786950116975
-55.96861009732549 25.70021594811469
-58.02975404792413 29.482383428876805
-60.09089799852277 25.925488519280872
-62.15204194912141 24.626779439360643
-64.21318589972006 26.63329085761319
-66.2743298503187 24.415057852700443
-68.33547380091733 32.14874497623221
-70.39661775151598 38.88345824512362
-72.45776170211461 31.419052917036545
-74.51890565271327 35.318024324916976
-76.5800496033119 41.91652337759213
-78.64119355391054 35.62245262044957
-80.70233750450919 34.448646569522374
-82.76348145510782 31.449986160725945
-84.82462540570647 29.98002084590484
-86.8857693563051 31.317118954149826
-88.94691330690375 27.17846140603769
-91.00805725750239 22.566085757403805
-93.06920120810102 19.5498292740342
-95.13034515869967 16.5687651867074
-97.1914891092983 20.51748129174024
-99.25263305989695 14.30256294741402
-101.31377701049558 15.83539632907206
-103.37492096109423 14.971448632063305
-105.43606491169287 9.023996043723095
-107.4972088622915 11.394357214207965
-109.55835281289015 8.461568716916679
-111.61949676348878 12.597632012201109
-113.68064071408745 10.59531239392755
-115.74178466468608 10.45147749099481
-117.80292861528471 9.723591896425992
-119.86407256588336 5.909696814701785
-121.925216516482 6.172163402852317
-123.98636046708064 5.453927673588352
-126.04750441767928 5.194550091180473
-128.10864836827793 10.821286553621675
-130.16979231887655 6.434168583966117
-132.2309362694752 10.900603451964223
-134.29208022007384 7.150590765372885
-136.3532241706725 2.943397710894423
-138.4143681212711 6.45236479947145
-140.4755120718698 5.8062382161467045
-142.5366560224684 4.453041579068283
-144.59779997306705 3.2878861064263396
-146.65894392366567 3.3903956514079674
-148.72008787426432 8.297075391048956
-150.78123182486297 5.890042665127227
-152.84237577546162 1.7281527905055696
-154.90351972606024 4.47839959742454
-156.9646636766589 9.71588440103872
-159.02580762725754 6.516047601253488
-161.08695157785618 -1.7746411679777994
-163.1480955284548 0.6058931155439544
-165.20923947905345 8.14724384661291
-167.27038342965207 5.907114933994236
-169.33152738025075 3.0573207053076037
-171.3926713308494 9.938437037775667
-173.45381528144802 6.477792509226318
-175.51495923204666 4.352421728124254
-177.57610318264528 2.235904454531236
-179.63724713324396 1.5002782821547593
-181.69839108384258 3.852873552928888
-183.75953503444123 3.1894895696295227
-185.82067898503985 5.618535543357923
-187.8818229356385 5.089087039553208
-189.94296688623714 5.9472273743922734
-192.0041108368358 4.772870614469888
-194.0652547874344 5.372416324748763
-196.12639873803306 4.669511044673779
-198.1875426886317 4.392072018846377
-200.24868663923036 3.6357815779067937
-202.30983058982898 1.7911615250211066
-204.37097454042762 4.304813316618101
-206.43211849102624 3.9094730739112546
-208.49326244162492 0.12302717649396441
-210.55440639222357 5.8623330347278815
-212.6155503428222 4.811103381027353
-214.67669429342084 6.671962819028056
-216.73783824401946 3.1380680512098063
-218.79898219461813 5.442966218513133
-220.86012614521675 5.236246484622863
-222.9212700958154 0.6017619388733229
-224.98241404641402 5.529805990957816
-227.0435579970127 -1.1051929584027953
-229.10470194761132 0.5035632812001165
-231.16584589820997 3.73714875791273
-233.22698984880859 2.5235846779238975
-235.28813379940723 4.786341757620969
-237.34927775000588 4.377265898169583
-239.41042170060453 6.660241792886704
-241.47156565120315 -0.9399707174378942
-243.5327096018018 9.439032557413892
-245.59385355240042 2.5110518664414374
