# BEGINHEADER
# This file contains data from the SALSA 2m radio telescope.
# DATE=2021-02-22T12:34:0054
# GLON and GLAT given in degrees
# GLON=92.27637640968045
# GLAT=16.018500721163495
# DATA in two columns below. Col. 1 is velocity relative to LSR [km/s]. Col. 2 is uncalibrated antenna temperature [K].
# ENDHEADER
280.138093071843 1.3750320084548076
278.07694912124435 2.8641273653857713
276.0158051706457 -0.6576236793105592
273.9546612200471 -3.060453112873286
271.89351726944847 1.613963423098671
269.83237331884976 1.9713904568136589
267.77122936825117 2.747572780973276
265.7100854176525 3.43227541729199
263.64894146705393 3.133634443128064
261.5877975164552 1.7004198434803661
259.5266535658566 1.262712149791918
257.46550961525793 -0.246264094093013
255.4043656646593 -6.429417646661527
253.34322171406066 1.816619482546939
251.28207776346204 -3.811449423335784
249.2209338128634 1.7620871876042967
247.15978986226474 2.2099534396819305
245.0986459116661 4.747530778094047
243.03750196106748 3.2748613259231063
240.97635801046883 -0.7428035967178335
238.9152140598702 3.599503484790101
236.85407010927153 2.122966062760066
234.7929261586729 -2.1143893801309335
232.73178220807426 0.47428823193688885
230.67063825747564 5.38357400046932
228.60949430687697 0.9028932729755978
226.54835035627835 2.0879998392016126
224.4872064056797 0.614249528618851
222.42606245508105 0.7039895006880276
220.36491850448243 -0.13416972459574433
218.30377455388376 0.2359695282614924
216.24263060328514 0.7416083248520381
214.1814866526865 -0.747051179932862
212.12034270208787 0.7515226027686192
210.05919875148922 2.267009493049359
207.99805480089057 1.447356265392519
205.93691085029192 4.6483862875942465
203.8757668996933 5.010052513906871
201.81462294909466 0.7120284447529084
199.753478998496 2.086666043395088
197.69233504789736 1.8107497728332211
195.63119109729874 7.6887648318580295
193.5700471467001 4.071807070827965
191.50890319610147 0.9482077631021468
189.4477592455028 4.497795314402528
187.38661529490417 4.861195897833812
185.32547134430553 5.11120932649929
183.26432739370688 -2.4037083398656534
181.20318344310826 7.384369234303911
179.14203949250958 5.327055607471369
177.08089554191096 6.562724677529625
175.0197515913123 6.139445785843132
172.9586076407137 1.5463011517838132
170.89746369011505 3.113687905943821
168.8363197395164 3.4982423286844613
166.77517578891775 3.4613629829126125
164.71403183831913 6.167899262008076
162.65288788772048 -1.235570123541023
160.59174393712183 3.4638882593224203
158.53059998652319 2.607750106153651
156.46945603592457 2.0265809471621905
154.40831208532592 7.445129740629524
152.3471681347273 4.645891135524421
150.28602418412862 8.635145734793783
148.22488023353 6.657880763688929
146.16373628293135 4.397326064259109
144.1025923323327 3.7267672991087712
142.04144838173409 6.76597020312604
139.9803044311354 4.039876117213172
137.9191604805368 4.300065658601373
135.85801652993814 7.219157814759267
133.79687257933952 3.785199396045869
131.73572862874084 5.309839557488731
129.67458467814222 10.15842751009187
127.61344072754358 2.1269624472833732
125.55229677694494 6.55292209668097
123.4911528263463 5.732739681305088
121.43000887574766 5.252143408414069
119.36886492514901 5.9004560180620915
117.30772097455038 6.083339990055219
115.24657702395174 8.646977478545685
113.1854330733531 2.8969231236973254
111.12428912275446 5.291806222208114
109.06314517215581 0.09480176280687644
107.00200122155718 3.5598701014939484
104.94085727095853 8.272493977320686
102.8797133203599 3.981107800549552
100.81856936976126 5.508096716331581
98.7574254191626 8.150790904612533
96.69628146856397 3.5057982917585186
94.63513751796533 4.754365770746424
92.57399356736668 8.850010943472443
90.51284961676805 5.395775884006641
88.45170566616939 4.4863944727357765
86.39056171557075 8.123562526675089
84.3294177649721 4.67429115201886
82.26827381437347 3.696392537566394
80.20712986377484 8.423491046978235
78.14598591317619 4.024713672435243
76.08484196257756 -0.4319417298216364
74.02369801197891 8.308192853728665
71.96255406138027 8.519802147749324
69.90141011078163 7.487907639863947
67.84026616018299 9.320573225634483
65.77912220958436 7.609619543547247
63.71797825898571 4.797606328671079
61.65683430838707 4.106231983039129
59.59569035778843 5.822288996654979
57.53454640718979 7.949315632392988
55.473402456591145 11.789784755430098
53.412258505992504 8.073326181264251
51.35111455539386 10.13713443645049
49.28997060479522 2.727179499236642
47.22882665419659 3.906068189905927
45.16768270359795 10.835891596484617
43.106538752999306 7.36084135637025
41.04539480240066 5.6519485107407474
38.98425085180202 5.647452530157965
36.923106901203376 6.503788207480714
34.861962950604735 8.709073119024987
32.8008190000061 10.653186063190304
30.739675049407456 7.986446008538216
28.67853109880882 4.439190527080932
26.617387148210174 3.4588979396455897
24.556243197611536 4.0677638413120585
22.495099247012895 11.097287024248038
20.433955296414258 16.005561823132513
18.372811345815617 9.207699465427783
16.311667395216972 19.96221648158554
14.250523444618333 23.35419732412075
12.189379494019692 28.937165220362193
10.128235543421052 47.624366162689014
8.06709159282241 51.8237201129291
6.005947642223769 58.54838478466133
3.944803691625129 62.92160869165434
1.883659741026488 59.68660005386546
-0.17748420957215286 51.90809196804443
-2.238628160170794 55.950450573794875
-4.299772110769434 50.7237676998798
-6.3609160613680755 48.80656117020841
-8.422060011966716 47.42322421921309
-10.483203962565359 41.05095248729248
-12.544347913163996 37.067402612253176
-14.605491863762639 36.941573906104864
-16.66663581436128 33.93204951419552
-18.72777976495992 24.134067021585064
-20.788923715558557 24.10856710250058
-22.8500676661572 23.635760158936314
-24.911211616755846 21.095163559898307
-26.972355567354484 20.277475320369316
-29.033499517953125 23.484353566112
-31.09464346855177 20.9282676215368
-33.15578741915041 16.839933362119393
-35.21693136974905 21.30034132366449
-37.27807532034769 19.360488215818652
-39.33921927094633 20.46653836156324
-41.40036322154497 19.182820241623723
-43.46150717214361 21.33781326988382
-45.52265112274225 17.472351960372816
-47.583795073340895 18.640407565396828
-49.64493902393953 21.139571617141762
-51.70608297453817 17.24346173329479
-53.76722692513681 17.23957510144837
-55.82837087573546 21.322766029517478
-57.8895148263341 25.657983600952395
-59.95065877693274 19.061705900926366
-62.01180272753138 15.677092181638038
-64.07294667813001 21.043035965979712
-66.13409062872867 21.104265378576784
-68.1952345793273 24.204633611345585
-70.25637852992594 26.931239635577676
-72.31752248052459 22.38541397556611
-74.37866643112322 27.173064696164573
-76.43981038172187 26.485709307066617
-78.5009543323205 30.219504837986417
-80.56209828291915 23.56262743169022
-82.62324223351779 16.21544421002245
-84.68438618411642 17.72527050808819
-86.74553013471507 18.931742471737934
-88.8066740853137 18.48165623126189
-90.86781803591235 23.071219862494882
-92.92896198651098 23.180173790106437
-94.99010593710963 18.357081856231574
-97.05124988770827 15.626981936536698
-99.1123938383069 16.286123220896084
-101.17353778890553 14.728906071499283
-103.23468173950418 8.728090370620057
-105.29582569010283 15.221264044118309
-107.35696964070146 10.273257750092545
-109.41811359130011 5.325099449919332
-111.47925754189875 10.266054531621863
-113.5404014924974 8.856707934135974
-115.60154544309603 8.885945640612709
-117.66268939369468 9.866906765717951
-119.72383334429331 6.920619747360753
-121.78497729489195 7.725566454134228
-123.8461212454906 3.7205615095621165
-125.90726519608923 10.949829135563741
-127.96840914668788 4.946987499189815
-130.0295530972865 2.730231495697447
-132.09069704788516 5.135232137303015
-134.1518409984838 7.231264738739396
-136.21298494908243 6.6303013335506975
-138.27412889968107 6.3797426095779555
-140.33527285027972 4.061134241858852
-142.39641680087837 7.472877178531596
-144.457560751477 4.725526914375638
-146.51870470207564 2.3410363058966217
-148.57984865267426 1.1555866627060667
-150.64099260327293 2.861659420846261
-152.70213655387155 6.646635166234198
-154.7632805044702 5.064933977732575
-156.82442445506882 1.0229328972702307
-158.8855684056675 3.5642250601917294
-160.94671235626612 6.562016538802317
-163.00785630686477 2.2777434121625917
-165.06900025746341 6.875366265343384
-167.13014420806203 1.5213772210278715
-169.1912881586607 4.731636743222904
-171.25243210925933 6.73414032809886
-173.31357605985798 6.092853200989835
-175.3747200104566 1.475382358415415
-177.43586396105525 4.417804198895502
-179.4970079116539 3.3179175335609674
-181.55815186225254 9.027359563387735
-183.61929581285116 3.5365565283187848
-185.6804397634498 -1.8442348211545008
-187.74158371404843 3.75304006310542
-189.8027276646471 0.2993027690063124
-191.86387161524573 3.226237367889244
-193.92501556584438 4.807963664932455
-195.986159516443 2.5714627819534135
-198.04730346704167 9.007810788166003
-200.1084474176403 7.414651068585852
-202.16959136823894 8.268633439785381
-204.2307353188376 6.135064639167706
-206.2918792694362 6.229464707378055
-208.35302322003488 6.983994168043591
-210.4141671706335 4.8583801589087505
-212.47531112123215 4.948142547184721
-214.53645507183077 10.44112785027544
-216.59759902242942 3.9510005315957244
-218.65874297302807 3.86197627668272
-220.71988692362672 7.8628653047892
-222.78103087422534 4.003080210857624
-224.84217482482399 3.110629793060831
-226.90331877542263 5.798592424434073
-228.96446272602128 0.22390158074457836
-231.0256066766199 4.26960667675168
-233.08675062721855 1.9280380702261455
-235.14789457781717 -1.317729156954788
-237.20903852841585 -2.218069171905264
-239.27018247901447 2.674458183126692
-241.3313264296131 4.059534478115283
-243.39247038021176 0.9752919914325695
-245.45361433081038 -1.1114864040123156
