# BEGINHEADER
# This file contains data from the SALSA 2m radio telescope.
# DATE=2021-02-22T12:43:0047
# GLON and GLAT given in degrees
# GLON=72.70248745842515
# GLAT=-0.23481819952988092
# DATA in two columns below. Col. 1 is velocity relative to LSR [km/s]. Col. 2 is uncalibrated antenna temperature [K].
# ENDHEADER
287.2914889439115 1.089823641602031
285.23034499331277 -0.5766065668519241
283.1692010427142 2.011116714046476
281.10805709211553 2.8227469196806174
279.04691314151694 -1.7865818775685367
276.98576919091823 4.165823979400656
274.9246252403196 4.033276431486479
272.863481289721 4.237692663444087
270.80233733912235 -0.3331275166322247
268.7411933885237 -1.9109933857264547
266.68004943792505 1.257147499545915
264.6189054873264 -2.4055882224525167
262.55776153672775 -4.385276270445819
260.4966175861291 1.3938916205358027
258.43547363553046 0.04654081933148702
256.37432968493187 -2.3116045440789597
254.31318573433322 0.1925511518864382
252.25204178373457 1.3550888887170707
250.19089783313592 0.3995953089898469
248.12975388253727 0.26569968251512405
246.06860993193865 5.259974239473647
244.00746598134 3.3502427785820377
241.94632203074138 -0.10032971408472445
239.8851780801427 0.7136365132445986
237.8240341295441 3.6443903394297243
235.76289017894544 2.446550329239871
233.70174622834682 0.08137260354123918
231.64060227774814 3.0734226693033264
229.57945832714952 1.7903456621306453
227.51831437655088 3.7096175316745543
225.45717042595226 -0.7815766816402527
223.3960264753536 2.211524079663725
221.33488252475493 6.921741959092301
219.2737385741563 2.007691470209032
217.21259462355766 -0.7040279688872602
215.15145067295904 4.986166742004366
213.0903067223604 1.2175716459740231
211.02916277176175 4.658538860332671
208.9680188211631 4.400532572246658
206.90687487056448 1.8716937340823883
204.84573091996583 0.7571493494556764
202.78458696936718 0.7387397042168604
200.72344301876853 4.120171438171817
198.66229906816992 2.431506080642149
196.60115511757127 3.724819955807345
194.54001116697265 3.299179907275781
192.47886721637397 -1.4921135111908006
190.41772326577535 5.442837500089771
188.3565793151767 5.534252672839882
186.29543536457808 -0.9922828324762376
184.23429141397943 5.0786237090015796
182.17314746338076 2.3174432629002237
180.11200351278214 -1.0432609291219974
178.0508595621835 6.720949862187717
175.98971561158487 5.850919690523517
173.92857166098622 5.102140804319183
171.86742771038757 2.3627703547668846
169.80628375978893 0.5440591068972669
167.7451398091903 1.2144855405785888
165.68399585859166 1.120897737487014
163.622851907993 8.551431285090006
161.56170795739436 5.044478045284436
159.50056400679574 2.328862766643759
157.4394200561971 6.318613881478483
155.37827610559847 -0.13449009894496267
153.3171321549998 4.084678148778784
151.25598820440118 6.367416524588246
149.19484425380253 5.3186442246471675
147.13370030320388 3.82286549743912
145.07255635260526 3.752384196120507
143.01141240200658 2.9652769365768945
140.95026845140796 -0.3507978140344492
138.88912450080932 2.2585232417204573
136.8279805502107 9.219534955474025
134.76683659961202 10.155430646477765
132.7056926490134 -0.9036374740972896
130.64454869841475 3.049008676529626
128.58340474781613 4.451176586818388
126.52226079721747 -2.328640015019855
124.46111684661884 8.063029654180033
122.39997289602019 8.956432347836765
120.33882894542155 6.376260428648306
118.27768499482292 2.0250549126589417
116.21654104422427 1.1850701823575043
114.15539709362564 7.602154861441471
112.09425314302699 7.7837429011213235
110.03310919242836 3.6562856058908944
107.97196524182971 3.5237594840011357
105.91082129123107 5.838639776660936
103.84967734063244 4.8372985311198775
101.78853339003379 5.094140550505851
99.72738943943516 7.303493461077433
97.66624548883651 7.508574409936085
95.60510153823788 9.124897350745702
93.54395758763923 5.412073597539098
91.48281363704059 4.656512794831481
89.42166968644196 7.128913094150876
87.3605257358433 5.73927168914453
85.29938178524466 3.3982848865063713
83.23823783464601 8.93578895896789
81.17709388404738 4.269099696657676
79.11594993344873 5.152238176327009
77.0548059828501 6.587719474729658
74.99366203225146 2.1047711973918335
72.93251808165282 7.699651928221097
70.87137413105418 10.113645273793484
68.81023018045553 4.879733953513676
66.7490862298569 0.7196266722556599
64.68794227925825 -0.2843670846609678
62.62679832865962 11.560100568291052
60.56565437806097 9.334880717956827
58.50451042746233 9.072121018675425
56.443366476863694 8.226682351594137
54.38222252626505 9.413068454780952
52.32107857566641 11.854731804833051
50.25993462506777 6.688989874071789
48.19879067446912 4.401554972067268
46.13764672387049 8.916669040391529
44.07650277327185 4.934508047090721
42.01535882267321 5.334267671962413
39.95421487207456 8.382549668983907
37.89307092147592 10.281199855434922
35.83192697087728 4.614241283474881
33.770783020278635 8.006848666424846
31.709639069679998 12.7875021987475
29.648495119081357 16.43684727934735
27.58735116848272 15.61845059404567
25.526207217884075 16.77972253789439
23.465063267285437 17.90670968874349
21.403919316686796 30.73183977790517
19.34277536608816 36.71846854398384
17.281631415489517 40.91594788965211
15.220487464890875 59.40732564590957
13.159343514292233 59.71313225817555
11.098199563693594 65.64458569161934
9.037055613094951 68.36293293103346
6.975911662496312 76.6971260535216
4.91476771189767 82.79536814864278
2.8536237612990294 81.76368011443621
0.7924798107003885 83.14792420710364
-1.268664139898252 74.51862859877492
-3.329808090496893 65.08069922430846
-5.390952041095534 55.05866269559465
-7.452095991694174 45.12193926627444
-9.513239942292813 41.07040020648509
-11.574383892891456 39.01002442683763
-13.635527843490095 34.816568050235986
-15.696671794088738 30.29287823097267
-17.757815744687377 29.39900200927791
-19.81895969528602 24.571620575039333
-21.88010364588466 25.749485913051434
-23.9412475964833 26.444462665454527
-26.002391547081945 21.75195339492504
-28.063535497680583 22.843784856553484
-30.124679448279224 20.8356748938566
-32.185823398877865 18.546272467032654
-34.246967349476506 16.362206436933974
-36.308111300075154 17.75270902584979
-38.36925525067379 12.105690007326485
-40.43039920127243 14.756206168458407
-42.49154315187107 13.505828598293563
-44.55268710246971 13.741305189572127
-46.61383105306835 21.17860078609607
-48.674975003666994 23.47962874022598
-50.73611895426563 16.515872597157834
-52.79726290486427 17.52875957803216
-54.8584068554629 24.675952150746635
-56.91955080606155 25.368379216754892
-58.98069475666019 31.97057745814006
-61.04183870725883 29.800895501249503
-63.102982657857474 22.640097558601376
-65.16412660845612 27.104074197622637
-67.22527055905476 33.51579768794719
-69.2864145096534 36.29258212327803
-71.34755846025205 36.2073404999437
-73.40870241085068 32.34127057611095
-75.46984636144931 31.675400539747496
-77.53099031204796 30.556293836888724
-79.5921342626466 30.18094144885773
-81.65327821324524 26.959716390437354
-83.71442216384388 16.506401053847956
-85.77556611444253 17.503894094067455
-87.83671006504116 14.624411840992888
-89.8978540156398 12.56596059313466
-91.95899796623844 14.010355236608133
-94.02014191683708 10.576462325726851
-96.08128586743572 8.43638647323206
-98.14242981803436 10.95128040514329
-100.203573768633 14.053962797010145
-102.26471771923164 9.080637153545338
-104.32586166983027 10.931657805914751
-106.38700562042894 13.211417945281866
-108.44814957102757 11.311189909879213
-110.50929352162622 7.674214803232294
-112.57043747222485 12.1704572080272
-114.6315814228235 11.11379823358998
-116.69272537342214 9.573426170179626
-118.75386932402077 5.763466388882464
-120.81501327461942 1.3169834243249783
-122.87615722521805 3.2141121431596043
-124.9373011758167 6.94895850855604
-126.99844512641533 6.246549060442435
-129.05958907701398 3.564331415858812
-131.12073302761263 3.1759300248088453
-133.18187697821125 6.2745781260687
-135.2430209288099 6.797478105914536
-137.30416487940855 9.310711261638822
-139.3653088300072 5.1523862409888626
-141.4264527806058 3.7117030892542626
-143.48759673120446 6.1378099312098495
-145.54874068180308 2.5119690757629525
-147.60988463240176 10.72695166547516
-149.67102858300038 5.805536631337444
-151.73217253359903 3.6555671970699057
-153.79331648419765 5.250515460965768
-155.85446043479632 4.360794940049467
-157.91560438539494 4.445245673582397
-159.9767483359936 4.754498004795978
-162.0378922865922 7.621155218982976
-164.09903623719086 7.468155997607571
-166.16018018778954 2.4439768532454638
-168.22132413838816 1.7452035152166752
-170.2824680889868 3.442379441592905
-172.34361203958542 5.907138852052462
-174.40475599018407 4.464860111804455
-176.46589994078272 2.145781519748784
-178.52704389138137 3.7271001759022444
-180.58818784198 4.563472980009759
-182.64933179257864 5.466672121701122
-184.71047574317728 5.748294705436716
-186.77161969377593 9.768739903907045
-188.83276364437455 8.078718086442455
-190.8939075949732 4.226752172400624
-192.95505154557182 0.4449431263414614
-195.0161954961705 1.0449199228369799
-197.07733944676912 8.765874996094489
-199.13848339736776 3.374584724670173
-201.19962734796638 3.5148253708105055
-203.26077129856503 6.662909787511066
-205.3219152491637 8.698420316888882
-207.38305919976233 4.247721463023039
-209.44420315036098 2.311815700359229
-211.5053471009596 4.776696374848094
-213.56649105155824 5.2832677690291545
-215.6276350021569 6.187386377076374
-217.68877895275554 2.452911776251409
-219.74992290335416 7.286498488389922
-221.8110668539528 7.262105907076886
-223.87221080455146 1.0187502745559847
-225.9333547551501 2.62619591369024
-227.99449870574873 6.497761227617719
-230.05564265634737 6.463381901158865
-232.116786606946 3.2431644044630903
-234.17793055754467 2.1446102302530483
-236.2390745081433 3.7334423388411353
-238.30021845874194 3.0992379360780435
