# BEGINHEADER
# This file contains data from the SALSA 2m radio telescope.
# DATE=2021-02-22T12:48:0041
# GLON and GLAT given in degrees
# GLON=49.88093221467631
# GLAT=0.2094398931550139
# DATA in two columns below. Col. 1 is velocity relative to LSR [km/s]. Col. 2 is uncalibrated antenna temperature [K].
# ENDHEADER
298.34345002459975 0.9998931697967351
296.2823060740011 3.576961312170603
294.22116212340245 2.3110976757903523
292.1600181728038 -0.8833947551407431
290.0988742222052 1.6647771446586086
288.03773027160656 2.9229211811078613
285.97658632100786 -1.5997945019514872
283.91544237040927 1.6687984765943233
281.8542984198106 4.256513799468588
279.793154469212 -1.5100934068413048
277.7320105186133 2.2505425324992148
275.6708665680147 1.2470129395768423
273.6097226174161 0.028601031481706896
271.5485786668174 -1.3766926068226721
269.48743471621873 5.858571712767916
267.42629076562014 3.3952975899624405
265.3651468150215 -0.5129564450836687
263.30400286442284 -4.569557602669242
261.2428589138242 5.1627429320378235
259.18171496322555 1.9059620032973499
257.12057101262695 3.7204114913498163
255.05942706202828 0.9157309251329234
252.99828311142963 1.5975597564176032
250.937139160831 4.487335114768603
248.87599521023236 3.670948213961972
246.81485125963374 4.7163124791880096
244.75370730903506 5.019183708483586
242.69256335843644 0.7237602992829758
240.6314194078378 2.8760430772862886
238.57027545723915 7.833273012068727
236.50913150664053 2.3656710516794894
234.44798755604185 1.626935537073444
232.38684360544323 5.032392204967496
230.32569965484458 4.4920423661225355
228.26455570424596 -1.2794145465862634
226.2034117536473 -0.1544583340997947
224.14226780304867 8.274871907032745
222.08112385245002 0.9388006344309039
220.0199799018514 1.756610874662654
217.95883595125275 0.22150063121636931
215.8976920006541 0.37571853474405087
213.83654805005546 5.611025649809249
211.77540409945684 5.7754849570410665
209.7142601488582 2.7877398339757677
207.65311619825957 4.9102857486837586
205.5919722476609 4.612937140094016
203.53082829706227 2.9712765854330914
201.46968434646362 5.775058666348326
199.40854039586497 6.03935088888754
197.34739644526633 8.065984095072926
195.28625249466768 1.7140580341108367
193.22510854406903 6.241278248516199
191.16396459347038 9.799475795293851
189.10282064287176 8.20041821015229
187.04167669227311 3.708628263819294
184.98053274167447 4.851360595456617
182.91938879107582 0.46875475426945434
180.8582448404772 2.8059613022893197
178.79710088987855 5.519462092044118
176.73595693927993 4.874456380787739
174.67481298868125 3.82936938150986
172.61366903808263 6.454296246501352
170.55252508748399 6.8598115460461075
168.49138113688537 0.4975785700604926
166.43023718628672 4.599159056651906
164.36909323568804 5.615769131182203
162.30794928508942 3.5810660626668427
160.24680533449077 5.8635855584470535
158.18566138389215 9.173422298127713
156.12451743329348 8.123081431589172
154.06337348269486 1.8430444094259526
152.0022295320962 -3.0351413114345878
149.9410855814976 7.435938011383243
147.87994163089894 7.091093340258367
145.8187976803003 8.365905990772218
143.75765372970164 -1.8237725339980044
141.69650977910302 1.7036979181346752
139.63536582850438 7.265491855779255
137.57422187790576 3.859476297774109
135.51307792730708 3.6981771639843872
133.45193397670846 1.1609398857648654
131.3907900261098 3.8059967494574134
129.32964607551116 9.793814418870895
127.26850212491253 8.219912798953024
125.2073581743139 6.498412557400153
123.14621422371525 6.221339009387475
121.08507027311661 6.895564771928362
119.02392632251797 5.233883731071113
116.96278237191933 3.7172555285918176
114.90163842132068 4.093936084962065
112.84049447072205 2.8593909607288066
110.77935052012342 7.324959161472133
108.71820656952477 3.733457811483206
106.65706261892612 3.106319125356985
104.59591866832747 8.12736587283812
102.53477471772884 3.1733703424825275
100.47363076713019 0.2676530260046052
98.41248681653155 3.76309230429244
96.35134286593292 5.0772915197891075
94.29019891533427 3.4540034177197594
92.22905496473564 6.003333436386387
90.16791101413699 8.454185377830568
88.10676706353836 4.215334438806852
86.04562311293971 5.580767166110389
83.98447916234107 8.838531452394394
81.92333521174244 10.02867643430374
79.86219126114379 6.061268329554825
77.80104731054516 2.4790373565732184
75.73990335994651 11.600709156346316
73.67875940934788 12.960582476608572
71.61761545874924 14.038208729877713
69.5564715081506 17.791081920137305
67.49532755755195 22.322266515169893
65.4341836069533 25.39436790236626
63.37303965635467 24.655189576022988
61.31189570575603 29.029778929461372
59.25075175515739 32.82493612790428
57.18960780455874 33.84036896032147
55.1284638539601 39.03018734109891
53.06731990336146 45.59032767464979
51.006175952762824 43.628246308607395
48.94503200216418 49.58563666646401
46.88388805156555 47.10893249856676
44.82274410096691 46.52882776198352
42.76160015036827 43.367900062982024
40.700456199769626 40.36518349076816
38.63931224917098 41.7323288925726
36.578168298572336 35.561603178493144
34.517024347973695 38.24359289397096
32.45588039737506 41.71516591041318
30.39473644677642 36.487165547277016
28.33359249617778 39.881919306382656
26.272448545579138 43.02178187550419
24.211304594980493 43.20945002249033
22.150160644381856 52.743356898357874
20.089016693783215 48.792912316034545
18.027872743184574 44.6960066981787
15.966728792585933 51.15988431795448
13.905584841987293 49.94345614244761
11.84444089138865 56.70549038705955
9.78329694079001 59.89090548043894
7.722152990191369 63.39259351192204
5.661009039592728 61.10827860328734
3.5998650889940875 55.80220082637884
1.5387211383954469 53.837474710502654
-0.5224228122031939 42.20387783774685
-2.5835667628018353 31.392238150777093
-4.6447107134004755 17.837417182137912
-6.705854663999117 16.197706524789318
-8.766998614597757 16.307218929165426
-10.828142565196398 11.92918068110715
-12.889286515795037 13.579033026197218
-14.950430466393678 8.558060016050767
-17.01157441699232 13.339017518548701
-19.07271836759096 11.673426429080875
-21.1338623181896 5.174564460914833
-23.19500626878824 15.20078101794256
-25.256150219386882 9.406618786386723
-27.317294169985523 16.224570169220687
-29.378438120584164 14.25454873700305
-31.439582071182805 12.960526459891978
-33.500726021781446 18.255311717112072
-35.56186997238008 16.04950027343716
-37.62301392297872 13.314765076318519
-39.68415787357737 16.869474392522324
-41.74530182417601 20.573758597104202
-43.80644577477465 19.929993243513163
-45.86758972537329 21.880142030408454
-47.928733675971934 26.350879900274233
-49.989877626570575 24.06195545859236
-52.051021577169216 20.149262893385977
-54.11216552776786 23.565379430090466
-56.1733094783665 22.697587100689383
-58.234453428965146 25.185414176339403
-60.29559737956378 22.954135581077562
-62.35674133016242 22.143471782410234
-64.41788528076106 15.319293624953229
-66.4790292313597 16.37976975493046
-68.54017318195834 16.343683082592737
-70.60131713255699 17.77048090330399
-72.66246108315562 13.89791600488718
-74.72360503375427 12.865332604805362
-76.7847489843529 14.796327625907722
-78.84589293495155 8.383753442960666
-80.90703688555018 12.783014864431683
-82.96818083614882 13.09527668610148
-85.02932478674747 11.442786379634873
-87.09046873734611 13.064852457641106
-89.15161268794476 7.121758782857438
-91.2127566385434 5.118833537367576
-93.27390058914204 8.191399316120371
-95.33504453974068 5.40981210014332
-97.39618849033931 4.845515633133612
-99.45733244093796 4.171733842638299
-101.5184763915366 6.430976731934668
-103.57962034213524 4.976405637656923
-105.64076429273388 10.349558933104909
-107.70190824333253 4.469065943159976
-109.76305219393116 0.1204512172215049
-111.8241961445298 6.636602592915703
-113.88534009512844 8.28362852598079
-115.94648404572708 5.21825451826586
-118.00762799632572 0.5501541041734536
-120.06877194692436 3.524096351525173
-122.12991589752299 4.026071750004935
-124.19105984812164 5.8658183364943195
-126.25220379872029 4.957419764955474
-128.31334774931892 7.339764682307295
-130.37449169991757 9.073808392426491
-132.4356356505162 0.2790311804459357
-134.49677960111487 5.419052288927873
-136.5579235517135 8.302608708931716
-138.61906750231213 3.2364843809516253
-140.68021145291075 6.921777761276862
-142.7413554035094 3.272795936863604
-144.80249935410808 3.0890510201149417
-146.8636433047067 5.640055050331793
-148.92478725530535 3.186310548710487
-150.98593120590397 7.107185704941894
-153.04707515650261 1.1821457605153851
-155.10821910710126 -1.5887858483894848
-157.1693630576999 0.6613511218349438
-159.23050700829853 -0.21136174723163856
-161.29165095889718 2.719992694947791
-163.3527949094958 0.42351184754731575
-165.41393886009448 4.328964955234196
-167.4750828106931 0.8860399042517351
-169.53622676129174 3.438392264933746
-171.59737071189036 5.475141316070221
-173.65851466248904 0.68178030205263
-175.71965861308766 -0.9957672767170089
-177.7808025636863 4.599637208225631
-179.84194651428493 5.1353564411950305
-181.90309046488358 3.042626590609047
-183.96423441548225 5.194189784670135
-186.02537836608087 9.850026628151644
-188.08652231667952 6.761035535089083
-190.14766626727814 3.6575413920404647
-192.2088102178768 4.688562295942794
-194.26995416847544 1.2968805091503455
-196.33109811907408 3.956770459148465
-198.39224206967268 2.737284411077049
-200.45338602027135 1.113844482970075
-202.51452997086997 2.042182971489313
-204.57567392146862 6.983909375253708
-206.63681787206724 3.0960840845033952
-208.6979618226659 6.125376367497384
-210.75910577326454 2.9112060421396033
-212.82024972386318 0.8047979689048035
-214.8813936744618 4.486803415935593
-216.94253762506045 -1.417073065556537
-219.00368157565907 5.932706502329538
-221.06482552625775 1.731015995368961
-223.12596947685637 2.167536353672656
-225.18711342745502 0.4099534407663753
-227.24825737805367 2.575695643610561
