# BEGINHEADER
# This file contains data from the SALSA 2m radio telescope.
# DATE=2021-02-22T12:44:0052
# GLON and GLAT given in degrees
# GLON=66.63203019230498
# GLAT=-0.03270185671310614
# DATA in two columns below. Col. 1 is velocity relative to LSR [km/s]. Col. 2 is uncalibrated antenna temperature [K].
# ENDHEADER
290.6839031631233 0.8081505818664916
288.6227592125246 2.4743688564309654
286.561615261926 2.128246715335921
284.5004713113274 4.260243814177714
282.4393273607287 0.7803888798530875
280.3781834101301 1.2196052679185916
278.31703945953143 -0.41740159059463966
276.25589550893284 -1.7018265487645061
274.1947515583342 2.129602416411893
272.1336076077355 4.56169605476832
270.0724636571369 1.751860367835663
268.01131970653825 -1.173544870319399
265.95017575593965 -1.9722126752335856
263.88903180534095 3.500394127502321
261.8278878547423 1.3530814932389885
259.76674390414365 0.050316224258637576
257.705599953545 1.9766821168466149
255.64445600294638 3.3074644797656636
253.58331205234776 3.687812798437787
251.52216810174912 2.193078741660816
249.46102415115047 3.8639171832152663
247.39988020055182 -0.37964708091463867
245.3387362499532 1.5662053288804756
243.27759229935455 -6.263889165993226
241.2164483487559 3.3577012622785376
239.15530439815726 3.2374121094069133
237.09416044755864 5.7305335255959715
235.03301649696 3.9754624061488606
232.97187254636137 4.909329268128312
230.9107285957627 4.366664512535437
228.84958464516407 5.545502372562369
226.78844069456542 -0.3285188914188935
224.72729674396678 -1.0060031770909497
222.66615279336816 2.1473184964319008
220.60500884276948 4.726439498497609
218.54386489217086 3.0305696794078063
216.4827209415722 3.3504610033325197
214.4215769909736 1.3618524828420002
212.36043304037491 3.2356928353186407
210.2992890897763 2.6797042600616363
208.23814513917765 -4.071058716913878
206.17700118857903 1.3421660434053861
204.11585723798038 3.1468263197037563
202.05471328738173 2.1256307016586833
199.99356933678308 -1.0723131276034592
197.93242538618443 2.943300672701581
195.8712814355858 3.4475409346282255
193.81013748498717 3.1946736636743864
191.74899353438852 6.182121291831652
189.68784958378987 3.7276456182658015
187.62670563319122 5.223858630474826
185.56556168259257 5.921041298850599
183.50441773199395 6.559454124625078
181.4432737813953 4.705805161060582
179.38212983079666 3.539809449715231
177.320985880198 4.020292783623254
175.2598419295994 1.422146873945672
173.19869797900074 3.212876911897671
171.1375540284021 2.946240364950338
169.07641007780344 -0.09045464070395887
167.01526612720482 0.750186213827529
164.95412217660618 4.298209757698046
162.89297822600756 7.87648632647631
160.83183427540888 3.4847026126694534
158.77069032481026 -1.7640314624190152
156.7095463742116 7.762506235205865
154.648402423613 1.97138417943909
152.58725847301434 1.8311334290082517
150.5261145224157 5.8443490824126405
148.46497057181705 3.333271541167756
146.4038266212184 3.435980321808907
144.34268267061978 10.706109379837827
142.28153872002113 9.997608054668932
140.22039476942248 5.161298567956308
138.15925081882384 6.019517896768511
136.09810686822522 4.383491318462426
134.03696291762657 3.0826166823469228
131.97581896702792 8.284443981134617
129.91467501642927 6.10770816741129
127.85353106583064 0.6807875914911002
125.792387115232 4.235225573442734
123.73124316463336 8.13574864718704
121.67009921403472 12.210160949735437
119.60895526343607 3.0562182630752335
117.54781131283744 0.2518787246434046
115.48666736223879 4.692619491479871
113.42552341164016 4.762190517823566
111.36437946104152 7.677264541627845
109.30323551044287 7.609642814668458
107.24209155984424 4.197711470571721
105.18094760924559 2.5595477778520666
103.11980365864696 4.544865556895289
101.05865970804831 3.3886633768545242
98.99751575744969 -0.22458722654397037
96.93637180685104 5.262198611480261
94.87522785625241 4.792095877807463
92.81408390565377 5.14083669562391
90.75293995505511 6.7218550542671265
88.69179600445648 6.701197671985272
86.63065205385783 6.11132360485382
84.5695081032592 5.986214680553391
82.50836415266055 8.89877594090764
80.44722020206191 8.437507107740357
78.38607625146328 5.765870678801718
76.32493230086463 5.893552785598711
74.263788350266 0.0064974674777411034
72.20264439966735 5.921406384613937
70.14150044906872 9.840607683092855
68.08035649847007 2.859888673858268
66.01921254787143 9.780267660209619
63.95806859727279 4.538569727402743
61.896924646674144 8.773464940409196
59.8357806960755 9.325573247027332
57.77463674547687 5.575649789841616
55.71349279487823 10.164821863162667
53.65234884427959 5.961146974537965
51.591204893680946 8.766314698448298
49.530060943082304 3.439931547729784
47.46891699248366 8.514628599203498
45.40777304188503 15.128801109161724
43.34662909128639 13.84322984931538
41.28548514068774 8.580847609661767
39.2243411900891 9.910600127960981
37.16319723949046 11.671380274595299
35.10205328889182 17.32120642314403
33.040909338293176 16.659455250115293
30.97976538769454 18.635507914291743
28.918621437095897 19.200107573488964
26.857477486497256 26.924229986092634
24.796333535898615 28.476139350483702
22.735189585299974 37.24547779204377
20.674045634701336 49.159626143439986
18.612901684102695 48.032654799415276
16.55175773350405 53.83652636375261
14.490613782905411 62.57944256240515
12.429469832306772 65.9762777695427
10.368325881708127 63.839228081262064
8.307181931109488 64.89593496190307
6.246037980510847 68.3266393255046
4.184894029912207 69.43654193501112
2.1237500793135666 65.96167216397308
0.06260612871492557 53.643718420606625
-1.998537821883715 50.37934962319184
-4.059681772482356 42.71015197731762
-6.120825723080997 36.760254074600574
-8.181969673679637 35.34046448863998
-10.24311362427828 27.850401284409784
-12.30425757487692 28.294823633748102
-14.36540152547556 28.32342045161385
-16.4265454760742 19.361124132478448
-18.48768942667284 20.15990347072351
-20.54883337727148 21.399585703729734
-22.609977327870123 16.739325583613436
-24.671121278468764 13.837352920264923
-26.732265229067405 13.578183329604196
-28.793409179666043 11.35350231013368
-30.854553130264687 12.79462995924185
-32.915697080863325 16.470894162572932
-34.97684103146197 8.058528663902326
-37.037984982060614 15.824282023184256
-39.09912893265925 13.804364568853481
-41.16027288325789 8.422488188450027
-43.22141683385653 12.930984439722964
-45.28256078445517 13.588402546885131
-47.34370473505381 12.791335598347635
-49.40484868565245 14.976105761375866
-51.46599263625109 16.074286497372505
-53.52713658684973 21.126617110397248
-55.58828053744838 19.29936902195551
-57.64942448804702 25.83925133893091
-59.71056843864566 27.37361106654766
-61.7717123892443 23.20657847398204
-63.83285633984294 32.17121974225257
-65.89400029044158 34.80242758905471
-67.95514424104023 36.90996819100839
-70.01628819163886 37.90957571373522
-72.0774321422375 33.01943919494256
-74.13857609283615 36.14345438483008
-76.19972004343478 30.388080036914786
-78.26086399403343 23.0152263176703
-80.32200794463206 21.169306423996176
-82.38315189523071 15.868507992425313
-84.44429584582934 16.46058538425367
-86.50543979642798 15.003449354472108
-88.56658374702663 14.217673131710338
-90.62772769762526 16.17315991578126
-92.68887164822391 13.342323428174042
-94.75001559882254 13.988580659699918
-96.81115954942119 7.676908964095125
-98.87230350001983 14.005158265286695
-100.93344745061847 5.677921066573086
-102.99459140121714 9.124491146448802
-105.05573535181577 6.627053147827721
-107.1168793024144 9.114892954423976
-109.17802325301305 10.942455492263047
-111.23916720361169 9.68520215615458
-113.30031115421033 4.593959134506991
-115.36145510480897 1.7912636190917561
-117.42259905540762 6.257326989459078
-119.48374300600625 4.434218092049498
-121.54488695660488 2.554928035137507
-123.60603090720353 3.6874489515766267
-125.66717485780217 6.066171771849133
-127.72831880840081 6.051426813572747
-129.78946275899946 6.132864847341452
-131.8506067095981 9.656315892188111
-133.91175066019673 2.2902981361358803
-135.97289461079538 3.681403475811041
-138.034038561394 9.877927782120901
-140.09518251199268 10.240736836599623
-142.1563264625913 8.301858183204514
-144.21747041318994 8.153950482644753
-146.27861436378856 7.787538294474552
-148.3397583143872 -0.9119919431287765
-150.40090226498586 6.557431194406366
-152.4620462155845 1.6308733804379794
-154.52319016618313 1.6811952061926423
-156.58433411678178 1.3836883315604214
-158.64547806738042 0.8148848961395659
-160.70662201797907 3.875018147860559
-162.76776596857772 5.3837819742688655
-164.82890991917634 6.648577660424445
-166.890053869775 -0.2941830588202432
-168.95119782037364 0.8728537145134962
-171.01234177097228 5.763123888809854
-173.0734857215709 2.669684751855715
-175.13462967216955 0.6522313299701752
-177.19577362276817 3.70163329235501
-179.25691757336685 3.2018849870155175
-181.31806152396547 4.734229875623139
-183.37920547456412 5.818924547240023
-185.44034942516274 2.5308754121142147
-187.5014933757614 -0.6987306297366043
-189.56263732636003 10.577179132485547
-191.62378127695868 6.837693743659762
-193.6849252275573 1.0897963646868072
-195.74606917815595 1.220744840607614
-197.8072131287546 3.6797984549871177
-199.86835707935322 5.783019435947593
-201.92950102995187 3.2284539928203513
-203.99064498055048 2.703326538065869
-206.05178893114916 5.764850992061033
-208.11293288174778 0.2326626451177947
-210.17407683234643 8.82024489037043
-212.23522078294505 1.2409717828429405
-214.29636473354373 -1.9224454882425746
-216.35750868414235 5.993332724031142
-218.418652634741 6.33332507926657
-220.4797965853396 2.8120772359810933
-222.54094053593826 2.0698312506253256
-224.6020844865369 2.776136717172583
-226.66322843713556 1.6269305462776966
-228.72437238773418 1.5993455189675432
-230.78551633833283 3.5540835663537056
-232.84666028893145 6.311864988986883
-234.90780423953012 2.2965097882267926
